0	1	1.1	1.2	1.3	1.4	1.5	1.6	1.7	1.8	1.9	2	2.1	2.2	2.3	2.4	2.5	2.6	2.7	2.8	2.9	3	3.5	4	4.5	5	5.5	6	6.5	7	7.5	8	8.5	9	9.5	10	10.5	11	11.5	12	12.5	13	13.5	14	14.5	15	15.5	16	16.5	17	17.5	18	18.5	19	19.5	20
1	491.552068300855	491.886024821673	471.030748490333	453.435102430468	438.55177828963	425.784442049895	414.707437299978	405.019637071178	396.476257460192	388.86901485497	382.02835630851	375.822155750099	370.148987062666	364.930554179049	360.105452165746	355.6246141882	351.448085204255	347.542808804162	343.881022937404	340.439121158796	337.196814022958	323.433304752244	312.739120757493	304.201389426559	297.246765379639	291.493011811423	286.674137138245	282.598805287906	279.125652321235	276.147886943241	273.583276663276	271.367428311001	269.449145020298	267.787138269702	266.347641847723	265.102656973656	264.028623563019	263.105411890049	262.315549304999	261.643627550815	261.075854206192	260.599737078475	260.203855856628	259.877736163539	259.611775704554	259.397221633122	259.226169869829	259.091568669934	258.987212608201	258.907718773758	258.848485113657	258.805622001731	258.775891227178	258.756619466404	258.745621233342
1.01325	491.549864616742	491.883030193811	471.020501383754	453.414754870995	438.521778709397	425.746440862212	414.663155235434	404.970646971867	396.423939875335	388.814496567524	381.972492540427	375.765566413097	370.092111426855	364.873700923458	360.048837650726	355.568389915761	351.39235672101	347.487649129112	343.826481760338	340.385231341278	337.143596214403	323.383516842784	312.692610012817	304.157904210125	297.206065983769	291.454894189926	286.638433975503	282.5653810926	279.094397692946	276.11871324087	273.55611131849	271.342210737283	269.425822954538	267.765664413397	266.327970694784	265.084741825614	264.012413624814	263.090850032475	262.302569540192	261.632153829062	261.0657997019	260.591004572804	260.196339132325	259.871322408145	259.606348596854	259.392664836894	259.222370359713	259.088419727228	258.984616059947	258.905586426054	258.846739407103	258.804195912908	258.774727780228	258.755670837218	258.744847702637
2	491.424977357687	491.746959870477	470.546608146298	452.437904574401	437.041068017382	423.835130688876	412.406485874128	402.450217624516	393.713780457265	385.976593982963	379.054739730998	372.803032335667	367.109794961496	361.889232933465	357.074605121321	352.613070546413	348.462031439864	344.586541178665	340.957487806231	337.550291886075	334.343961383983	320.765458189807	310.249195283196	301.876332810666	295.073939766785	289.461603416591	284.775241876992	280.825187847354	277.471438985937	274.608278706404	272.154294467458	270.045684629614	268.231638701462	266.671065377824	265.330217921282	264.180952574986	263.19941417816	262.365050967836	261.659873959749	261.067906662288	260.574794977419	260.167537949248	259.834330746132	259.56446568312	259.348296578768	259.177212867542	259.043621645519	258.940916482973	258.863427812992	258.806354670301	258.765681857985	258.738088670664	258.720855475733	258.711773429674	258.709061061113
3	491.330133711309	491.679224660384	470.312479354278	451.925622701795	436.227872288771	422.751280551369	411.0975904012	400.964133789296	392.096588271246	384.26870258252	377.288342005904	371.00215389073	365.29174135892	360.06627643827	355.255394499038	350.803703078699	346.666793000291	342.808426222604	339.198574932221	335.81199795205	332.627220458433	319.161121067005	308.754200173747	300.483312670677	293.775525673901	288.251408432094	283.647964992135	279.776483060987	276.497745602671	273.706629565372	271.322168007255	269.280856823364	267.532050979767	266.034701879111	264.754997807674	263.664624256605	262.739476317032	261.95869086364	261.303936622019	260.75889867314	260.30892498377	259.940796842437	259.642587779062	259.40359391073	259.214283254685	259.066267145104	258.952253712577	258.865989481231	258.80218164506	258.756405563367	258.725003563854	258.704981622952	258.69390956661	258.689828849693	258.691170300463
4	491.246020497736	491.634461141091	470.166194926782	451.593840707745	435.685047157208	422.011734817679	410.190235027048	399.9217760715	390.952375854662	383.052723128409	376.025160323392	369.71036790066	363.984865259448	358.75393677075	353.944403209778	349.498863025677	345.371489898917	341.525044561337	337.928778909736	334.55692891237	331.387647432994	318.003172597295	307.676319511754	299.480442165497	292.842464607455	287.383602881587	282.841608217049	279.028431443779	275.805388602046	273.067773767682	270.734906310285	268.743461197678	267.042879343417	265.592105260244	264.357239417435	263.309810515885	262.425504240237	261.683216363202	261.064368697961	260.552421016265	260.132545581391	259.79141863792	259.517097430215	259.298944829663	259.12757963549	258.994827980922	258.89365679689	258.818094089237	258.76313209167	258.724619795388	258.699151558514	258.683958040812	258.676804256867	258.675897787668	258.679808588248
5	491.167126783579	491.600098296506	470.06319011769	451.354290332014	435.284266359966	421.456449150696	409.500469767484	399.121989148784	390.068290534572	382.108409919768	375.040667072166	368.701062974301	362.961993284099	357.725538568031	352.916186998745	348.474865179302	344.354557142971	340.517186067389	336.931400706545	333.571012425795	330.413853029064	317.093767175824	306.830494370442	298.694390313569	292.112177953111	286.705537632724	282.212782225813	278.446364692199	275.268005436639	272.57330212964	270.281783462028	268.330245685662	266.668173035416	265.254481164292	264.055179140848	263.041653481884	262.189412503018	261.477158644196	260.886126538993	260.399618206257	260.002697404368	259.681996164008	259.425598357011	259.222961914488	259.06485913148	258.943313089407	258.851512975134	258.783718692717	258.735149793953	258.701868147691	258.68066037285	258.668925856829	258.664574355021	258.66593539824	258.671680250138
6	491.091301800133	491.571241244016	469.985373697605	451.169883200594	434.970227965442	421.015345868612	408.946906772645	398.475124425724	389.349028574855	381.336814952512	374.233766409776	367.87204673999	362.12057557859	356.878693375888	352.068866968316	347.630582165465	343.515804585992	339.685713020386	336.108442058365	332.757426105586	329.610233273903	316.343453185607	306.133114119103	298.04691986443	291.511362168063	286.148473656211	281.697012230483	277.969831369701	274.828972636717	272.170271405336	269.913412663458	267.995285724731	266.365386856973	264.982594908609	263.812829252575	262.827347957463	262.001506475255	261.313849626697	260.745464952902	260.279540825874	259.901074337451	259.596687955474	259.354515539497	259.16411951787	259.016420594394	258.903620168097	258.819101431209	258.757320161538	258.713683888002	258.684427461959	258.666491567081	258.657409291988	258.655204059659	258.658300483552	258.665448365383
7	491.017495988322	491.545525013922	469.923779875398	451.02175214348	434.714244333838	420.651606956906	408.486419801283	397.93340061078	388.743577564721	380.684841303246	373.550104781274	367.168310181578	361.405367286693	356.158204423762	351.347507898149	346.911481855117	342.801175935376	338.9771339414	335.407016341971	332.063928302516	328.925194587404	315.703974739357	305.539097033279	297.495878718293	291.000557881653	285.675446545091	281.259667778234	277.566405747873	274.457966068172	271.830376875478	269.603447852054	267.714128304094	266.111925932577	264.755668302072	263.611190983111	262.649635729997	261.846225350793	261.179371887027	260.630046848635	260.181355130469	259.81825486849	259.527380595159	259.296928453457	259.116566957079	258.977360313003	258.871669236777	258.79304873556	258.736123761272	258.696461409326	258.670441435967	258.655132220561	258.648176728861	258.647691160391	258.652177313252	258.660448467959
8	490.945160733806	491.521659633743	469.873376823639	450.899077816869	434.499609536896	420.343556579943	408.093432916042	397.468336930502	388.221422884062	380.12065450424	372.957045077602	366.556791135836	360.783128596841	355.530846303301	350.719023575753	346.284705871506	342.178119981448	338.359225766733	334.795267847469	331.459043979745	328.327664547654	315.146269199085	305.021306081229	297.015901808819	290.556039584422	285.264250115895	280.879965631266	277.216650003906	274.136831402991	271.536698236477	269.336160661857	267.472213374936	265.894360000504	264.561380503474	263.439028677099	262.49834061135	261.71442260637	261.065574218027	260.532673483509	260.098764078313	259.748784461518	259.469394770886	259.248859927491	259.076956891123	258.944879912117	258.845138362044	258.771439755987	258.718557461028	258.682196739947	258.658861453182	258.645728484121	258.640533512158	258.641470596944	258.647106031716	258.656305958332
9	490.873942410527	491.49888230574	469.831087432155	450.795132558576	434.315776247708	420.077390193117	407.751552383951	397.061592018093	387.76286414999	379.623644596836	372.433436105073	366.016031797457	360.232288054494	354.975044520408	350.161921266891	345.728906901419	341.625476094457	337.811046980319	334.252480618671	330.922308951174	327.797433325136	314.651443207961	304.562108546454	296.590522974344	290.162410876651	284.900485255313	280.544441164031	276.907983848261	273.853832502705	271.278311315653	269.101412885051	267.260165250209	265.704061520362	264.391832975311	263.289155623376	262.366970930409	261.600280013992	260.967286889312	260.448793637419	260.027799449088	259.689236974499	259.419801366463	259.207830393132	259.043204576479	258.917242799341	258.822590016777	258.753091161407	258.703651509199	258.670097773662	258.649042071645	258.637755174784	258.634052577712	258.636195070439	258.642804026628	258.652790607203
10	490.803619114794	491.476714259494	469.79490737123	450.705469488134	434.155700790869	419.843793244156	407.44965232063	396.700675869393	387.354428540255	379.179702083481	371.964768078427	365.531306331708	359.738025316749	354.475978621804	349.661438061283	345.229418207964	341.128694336141	337.318194407767	333.764424848537	330.439654284825	327.320611601225	314.206512935244	304.149387595168	296.208428480927	289.809104886935	284.574275658676	280.243866319825	276.631793015672	273.600941340674	271.047752194763	268.892286744089	267.071597263724	265.535159720639	264.241663532198	263.156704839187	262.25113886901	261.499874773703	260.881033651091	260.375355567553	259.965808136374	259.637328430863	259.376652866746	259.172193593701	259.013931476026	258.893302631793	258.803077049313	258.737224510931	258.690768783325	258.659644710012	258.640560046299	258.630868077608	258.628454100511	258.631637045944	258.639086135964	258.64975154854
11	490.734040128566	491.454842574093	469.763466232655	450.627009240163	434.014454658433	419.636195581638	407.179843389584	396.376691344292	386.986510565678	378.778740388575	371.540663324123	365.092076747536	359.289726289983	354.023019981807	349.206980462682	344.775714045174	340.67734686899	336.870341816647	333.320883542534	330.000994109939	326.887230774061	313.802163297485	303.774454604121	295.861513349156	289.488550264134	284.278549574279	279.971638207446	276.381918867117	273.372423771539	270.839694597022	268.703852259497	266.901964220263	265.383488905304	264.107068167361	263.038228526388	262.147743968627	261.410441227191	260.804369524658	260.31021821264	259.910933480753	259.591464518956	259.338593250294	259.140806526487	258.988182032371	258.872266338499	258.785945281448	258.723302898921	258.679470342016	258.650479694679	258.633124187435	258.624830484122	258.623545707354	258.627640121251	258.635825086917	258.647085075702
12	490.665098757454	491.433056900655	469.735790288429	450.557539144827	433.888450156213	419.449796778923	406.936333242642	396.083085792628	386.652010400792	378.413297975835	371.153432102817	364.690524030634	358.879515710371	353.60828611378	348.790690899091	344.35998560382	340.263687563852	336.459825819939	332.914269719605	329.598834540258	326.489899611126	313.431481104841	303.430862846747	295.543760091343	289.195132791548	284.008067489538	279.722867908208	276.153804844834	273.164040943739	270.650206959911	268.532472634333	266.747917277854	265.245978845736	263.98525247788	262.931198822411	262.054516894945	261.329959229759	260.735512473113	260.251824560973	259.861828375695	259.550491092629	259.304643008747	259.112845234298	258.965268685275	258.853564195286	258.770725422207	258.710941608843	258.669441956272	258.642346742351	258.626526304031	258.619473212783	258.619189929895	258.624092539131	258.632929932276	258.644717071449
13	490.596716861042	491.41121333373	469.711154868176	450.495420735364	433.775011911168	419.280987527472	406.714743885655	395.814894251666	386.345538062362	378.077699585308	370.797220794808	364.320691264751	358.501388000239	353.225766260053	348.40657624215	343.9762760041	339.881808818533	336.080794432626	332.538809647862	329.22745695793	326.122970976057	313.089191853284	303.113695046128	295.250588454316	288.924577718797	283.758838235651	279.493833582014	275.943984548157	272.972570710638	270.476301645578	268.375388688967	266.606918674328	265.1203075068	263.874104661139	262.833708409629	261.96974838402	261.256910065786	260.673125446118	260.199008795658	259.817486263215	259.51354753382	259.274073173106	259.087697627541	258.944681509894	258.8367742823	258.75707035705	258.699856370826	258.660451626932	258.635056971384	258.620612846961	258.614671520682	258.615285423543	258.620911912902	258.630333622707	258.642592886961
14	490.528835555438	491.389212598334	469.689042714426	450.439410040749	433.672092218602	419.126982360936	406.511698975426	395.568266197486	386.062904446657	377.767527925614	370.46746879724	363.977939921956	358.150669150982	352.870770714091	348.049959531247	343.619935876866	339.527099250597	335.728681504393	332.189982139701	328.882404409578	325.782038332689	312.771178157042	302.819113548007	294.978418738926	288.673547656148	283.527750832692	279.281635827557	275.749759328269	272.795506451826	270.315656968588	268.230457819928	266.476999870292	265.004675867746	263.771988649676	262.744283760743	261.8921200585	261.190124367663	260.616180838504	260.150876605509	259.777136466199	259.479976129653	259.246327627775	259.064897521266	258.926032705814	258.821576140731	258.744716731251	258.6898317028	258.652323617963	258.628467382382	258.61526760986	258.610331024296	258.611755506783	258.618035906672	258.62798542364	258.640671164694
15	490.461409372662	491.366986243036	469.669031505702	450.388542469303	433.57809138609	418.985610344904	406.324527699575	395.340156177599	385.800789593793	377.479277349845	370.160553347059	363.658577847493	357.823633134142	352.539569121162	347.717119788728	343.287265670294	339.19588917544	335.399853107121	331.864193091113	328.560122780641	325.463591827095	312.47416328638	302.54406512242	294.724405620802	288.439388554948	283.312331433803	279.083971645433	275.568986956191	272.63085975951	270.166432688819	268.095983259168	266.356603521484	264.897662309514	263.677619062827	262.661763557912	261.820594450463	261.128683418045	260.563872681621	260.106727790668	259.740176638392	259.449263700493	259.220973165518	259.044082304021	258.909021033423	258.807721129646	258.733460409695	258.680700710004	258.64492190319	258.622467332599	258.610400709374	258.606378734309	258.608540925899	258.615416351428	258.625846128249	258.638919942802
16	490.394402453073	491.34448760431	469.650793351806	450.342056438579	433.491737641479	418.855121089068	406.151090142771	395.128114729035	385.556518142631	377.210119098751	369.873548578722	363.35962293417	357.517270472307	352.229144842426	347.4050473715	342.975272664171	338.885209755232	335.09136914534	331.558534510803	328.257735645839	325.164799170326	312.195493738821	302.28607984001	294.486248224695	288.219959632579	283.110585252948	278.898981141151	275.399938291085	272.477026707551	270.027145503716	267.97059858407	266.244476683437	264.798124308771	263.589958745363	262.585216778798	261.754340978327	261.071852870728	260.515557773361	260.06600446451	259.706127635231	259.421002672295	259.197666238155	259.024964804193	258.893407414839	258.79501278221	258.723140234218	258.672331723733	258.638139226414	258.616969643263	258.605941343454	258.602757165546	258.605594958582	258.613015266497	258.623884820499	258.637314011729
17	490.32778598373	491.32167051078	469.634069178098	450.299341177924	433.412004472607	418.734091537603	405.989644450215	394.930142938553	385.327902815187	376.957737567471	369.604057364142	363.078630598218	357.229113148515	351.937019657678	347.111273015172	342.681501160412	338.592624670637	334.800816739999	331.270619773448	327.972890059651	324.883328653857	311.932998614613	302.043131191062	294.262059182983	288.013501152564	282.920873437327	278.725139165387	275.24119772274	272.332695032866	269.896582723508	267.853187329612	266.139596538324	264.705130133774	263.508164490604	262.513886055087	261.692684977194	261.019036928743	260.47071504091	260.028255355563	259.674602463358	259.394864337356	259.176130154589	259.007314025671	258.879001982683	258.783293387644	258.713626940566	258.664619217287	258.631889669291	258.611904465755	258.601832798305	258.599420277916	258.602880224705	258.610802263402	258.622076761548	258.635833197862
18	490.261536427482	491.29854346486	469.618664543666	450.259900123676	433.338052276761	418.621373902578	405.838754543365	394.744588748664	385.113132702896	376.720213281094	369.350089052488	362.813571646819	356.957111825425	351.661145380826	346.833745396083	342.403910829449	338.31610955701	334.526190888196	330.998465618465	327.703623437307	324.61724484206	311.68486770574	301.813535517066	294.050270886399	287.818553329537	282.741836949217	278.561184338517	275.091591208064	272.196777033573	269.773739836028	267.742825578764	266.041117446967	264.617910195345	263.431540573482	262.447147118613	261.635070962073	260.969745793849	260.428916774911	259.993110576083	259.645284367974	259.37058001315	259.156139037926	258.99094161304	258.865647995524	258.772434601137	258.704815410733	258.657477402741	258.626103415327	258.607215084641	258.598029033696	258.596330700969	258.600366374379	258.608752668871	258.620401864119	258.634461118652
19	490.1956342695	491.275077016225	469.604400424913	450.223324667613	433.269186255255	418.515994617329	405.697222986705	394.570071423625	384.910691760096	376.495937430964	369.109979413383	362.562743096445	356.699545925847	351.399792586007	346.570741658652	342.140787934136	338.053963798105	334.265807142162	330.74040573261	327.448289089735	324.364918946992	311.449582174109	301.595878624616	293.849566919149	287.633890678916	282.572335306317	278.406054917833	274.950134534504	272.068361397533	269.657775772207	267.638740390411	265.948332321399	264.535821641261	263.359506433372	262.384479659972	261.581036536264	260.923572415524	260.389807815917	259.960263391717	259.617911023275	259.347927468339	259.137506283516	258.975692125647	258.8532168796	258.76233068202	258.696619097331	258.650835700156	258.620723048197	258.602854865489	258.594492200167	258.593457715271	258.598028460394	258.606846201165	258.618843614828	258.633184304609
20	490.130052747634	491.2512763886	469.591135859459	450.189274955967	433.2048254371	418.417142176942	405.564041274507	394.405425477728	384.719298214319	376.283548289854	368.882313532215	362.32470168155	356.45495680125	351.151497653006	346.320800524914	341.890678613649	337.804744761555	334.01823650246	330.495026728871	327.205490152202	324.124976643915	311.225850689217	301.38896099187	293.65883097278	287.458472010408	282.411402016383	278.258852735961	274.815994343319	271.94667693448	269.547979259605	267.540278410155	265.860644283698	264.458322073731	263.291572722949	262.325443603126	261.530192813808	260.880174660434	260.353090118594	259.929456792377	259.59226290241	259.326720950767	259.120076089993	258.961435916011	258.841601481471	258.752892755899	258.688965977854	258.644635399899	258.615700825563	258.598785041359	258.591190838845	258.590775790547	258.595845750043	258.605066004237	258.617388288328	258.63199155903
21	490.064797597875	491.227137020607	469.578753080451	450.157465597357	433.144479496027	418.324128971669	405.438346057107	394.249658352792	384.537858767858	376.081883103678	368.665883994102	362.098213516004	356.222096993071	350.915008603587	346.08266845437	341.65233906532	337.567218015832	333.782256163411	330.261118703687	326.97403097952	323.896234570257	311.012576054854	301.191756223749	293.477108053589	287.291413405741	282.258210861301	278.118810174019	274.688457455284	271.831065256744	269.44374337065	267.446882533607	265.777544518113	264.384949849588	263.227323274044	262.269670630752	261.482209767003	260.839262604163	260.318511626659	259.900473388159	259.568154573348	259.306803733571	259.103717141011	258.948063808103	258.830711646771	258.744048431356	258.681795530317	258.638827189126	258.610996660015	258.59497306887	258.588098545152	258.588263499911	258.593800843097	258.603397930849	258.61602436404	258.630873482684
22	489.999844772802	491.202662042512	469.56715281559	450.127654860011	433.087731132729	418.236364697502	405.319415318619	394.101914797542	384.36543346399	375.889941153202	368.459650903723	361.882215400407	355.999891259177	350.689246058794	345.855274120353	341.424696587593	337.340318901961	333.55681139954	330.037638313552	326.752880387464	323.677674562239	310.808804851885	301.003379436291	293.303575121813	287.131946900426	282.112049919798	277.985266124994	274.566913805627	271.720959856843	269.34454620814	267.358074036132	265.698596182297	264.315308697269	263.166401263587	262.216840008809	261.436804969572	260.800588366439	260.285856774313	259.873127955001	259.54542808418	259.288042457737	259.088317804754	258.935483076767	258.820470863345	258.735734105566	258.675056451571	258.633369283926	258.606576595136	258.591391387786	258.585192960681	258.585902701052	258.591879006765	258.60183000197	258.614742086197	258.62982211526
23	489.935189133129	491.177857289516	469.556250702951	450.099636384718	433.034222500618	418.153349497022	405.206609607401	393.961464290359	384.201205121324	375.70685498855	368.262712247466	361.67578468177	355.787406203466	350.473272828993	345.637678165931	341.206819583779	337.12312273033	333.340986132858	329.823679246902	326.541142705516	323.468411894228	310.613710786041	300.823061846179	293.137517090293	286.979407773833	281.972301410692	277.857647099537	274.450830690514	271.615869748419	269.249935690669	267.273438488913	265.623421376158	264.249056161598	263.108498480752	262.166676657369	261.393735011749	260.763938568103	260.254940320551	259.847261120665	259.523947864759	259.270322775748	259.073782454478	258.923614356073	258.810813689268	258.727896107084	258.668704909057	258.628225998354	258.60241163837	258.588016471405	258.582455001558	258.583677909544	258.590067666568	258.600351993005	258.613533127137	258.628830660971
24	489.870818924119	491.152730509208	469.545974522277	450.073232756166	432.983644617268	418.07464253004	405.09937544731	393.827662510108	384.044470665288	375.531867816165	368.074280536896	361.478115491764	355.583826326424	350.266269928947	345.429062431379	340.997893748892	336.914821182957	333.133979523174	329.618449199036	326.338034820175	323.267673233859	310.426571773703	300.650131621638	292.978309337798	286.833215279352	281.838425758172	277.735452383963	274.339744299284	271.515366624872	269.159517658445	267.192614774891	265.551691025435	264.185894248327	263.0533471579	262.118941628548	261.352788645836	260.72912818738	260.225601774612	259.822735156848	259.503596750368	259.253545958524	259.060028596654	258.912389233661	258.801683752781	258.72048822961	258.662703184328	258.623366635282	258.59847685683	258.584828090937	258.579868260811	258.581575813594	258.588356012345	258.598955113526	258.612390326736	258.627893276131
25	489.806726050611	491.12729080529	469.536262030928	450.048290449854	432.935729009688	417.999861923495	404.997237912428	393.699947974455	383.894604953158	375.364312285909	367.893664197838	361.28849980287	355.388434932406	350.067517453096	345.228707634839	340.797203119261	336.714703508899	332.935087366025	329.421251427146	326.142868117092	323.074778511917	310.246750383042	300.483998061067	292.825402721243	286.69285903841	281.709948817323	277.618242189896	274.233247691987	271.41907324034	269.07294640109	267.115286348381	265.48311686612	264.125562110006	263.000712817114	262.073426129353	261.313781493839	260.695995975293	260.197701552671	259.799430101706	259.484272797377	259.23762615456	259.046984526652	258.901748255525	258.793032061975	258.713470305874	258.657018606924	258.618764614743	258.594750666988	258.581808737967	258.577418539257	258.57958489315	258.586734688861	258.597631755844	258.611307487719	258.627004902352
26	489.742895605359	491.101548225041	469.527059254176	450.024675822777	432.890241055416	417.928672884122	404.899771267663	393.577826345593	383.751059618272	375.203608522132	367.72025259846	361.106312208757	355.200598747429	349.876379163698	345.035977992273	340.604114762313	336.522141382699	332.743687090318	329.23146995174	325.955033778973	322.889126460759	310.073690044974	300.324138942528	292.678311855178	286.557888057137	281.586452094129	277.505628255364	274.130981358664	271.326660773612	268.989917045088	267.041174211674	265.417444978917	264.067830135209	262.950389394048	262.029946635834	261.276551579288	260.664400289145	260.171116949334	259.777241031855	259.46588700027	259.222488570494	259.034587938853	258.891639919701	258.784816326976	258.706807798722	258.651622691979	258.614396766898	258.591214256837	258.578943153265	258.575093461873	258.577695107715	258.585195541744	258.59637528804	258.610279206903	258.62616112863
27	489.679336019042	491.075513444173	469.518319121118	450.002271900399	432.846974624112	417.860780368862	404.806602101726	393.460860197574	383.613348800039	375.049233716216	367.553503886284	360.930997492908	355.019755471878	349.692290024972	344.850308827079	340.418063269043	336.336576593151	332.559225574887	329.048557488789	325.773990875394	322.710182852522	309.906889599609	300.170090562728	292.536605833515	286.427901971785	281.467563609591	277.3972659123	274.032626510642	271.237833723158	268.910159375659	266.970031218755	265.354450575484	264.012495193888	262.902194683539	261.988341056352	261.240955995006	260.634216335767	260.14574006624	259.756075451054	259.44836085975	259.208067162491	259.022783701575	258.882018515384	258.776998862966	258.700469781782	258.646490546103	258.610242858401	258.587851209158	258.576218027309	258.572882239594	258.575897706653	258.583731466125	258.595179933013	258.609300778433	258.625358113926
28	489.616034171652	491.049197523149	469.510000366424	449.980975778922	432.805747728446	417.795923116546	404.717399016464	393.348660655939	383.481040022883	374.900724814969	367.392935030373	360.762060524327	354.845403463993	349.514745855239	344.671196149443	340.238553213831	336.157510892033	332.381209097611	328.872025502496	325.5992565116	322.537470753223	309.745903909987	300.021438836551	292.39989990573	286.302543516394	281.352951916571	277.292847927102	273.937899021382	271.152330162771	268.833432786497	266.901637420047	265.29393372046	263.959376732795	262.855966848477	261.948465529777	261.206868008448	260.605333535138	260.12147536552	259.735851631077	259.431625131811	259.194303794388	259.011523407246	258.872844028343	258.769546797333	258.694429384333	258.641600156317	258.606284988722	258.584646992155	258.573621572903	258.57077531235	258.574184932199	258.582336160332	258.594040564388	258.608368024502	258.624592446448
29	489.552984711891	491.022611719905	469.502066638721	449.96069650804	432.766398966102	417.733868754023	404.631866598915	393.240880520611	383.353746678136	374.757667518049	367.23811050276	360.599057867806	354.677093361948	349.343294936224	344.49818847167	340.065131934465	335.984497954994	332.20919534073	328.701436337227	325.430398154603	322.370563016391	309.590333949338	299.877812798242	292.267849477639	286.1814926735	281.242320107701	277.192099152746	273.84654453364	271.069915639026	268.759520783612	266.835796225335	265.235715814801	263.908313569282	262.811561515218	261.91019181527	261.174174737281	260.577653472369	260.098237888038	259.716496948419	259.415618327611	259.181146869026	259.000764109119	258.864080964715	258.762430970216	258.688662764824	258.636932100452	258.60250737654	258.581588803314	258.571143411745	258.568764267026	258.572549960017	258.581004082397	258.592952674712	258.607477272295	258.623861127217
30	489.490182736193	490.995767342747	469.494485771112	449.941353352007	432.728784586332	417.674409747846	404.549732772428	393.13720852503	383.231121791465	374.619687897845	367.088647763629	360.441590820998	354.514421027588	349.177530936105	344.330879476814	339.897394750448	335.817135888757	332.042786062032	328.536395915627	325.267026237001	322.209074880228	309.439820693064	299.738878679871	292.140144542738	286.064461653901	281.135401194896	277.094772495586	273.758334737884	270.990379862786	268.688232790773	266.772331172226	265.179636677726	263.859161232302	262.768849366711	261.87340513019	261.142773379988	260.551088199513	260.075951771796	259.697946606926	259.40028562633	259.168550415601	258.990467566007	258.855697735101	258.755625439511	258.68314868142	258.632469071102	258.59889595531	258.578665226753	258.568774286234	258.566841596101	258.570986698005	258.579730283241	258.591912237262	258.60662523943	258.623161474922
31	489.427623726366	490.968675642333	469.487229180057	449.922874351636	432.692776056474	417.617357135958	404.470774919639	393.037358396946	383.112852766645	374.48645396601	366.944193200478	360.289299586996	354.357021664614	349.017087015554	344.168902373763	339.734976375163	335.655061939407	331.881621732296	328.376548454063	325.108789087652	322.052659040296	309.29403990406	299.60433508472	292.01650520694	285.951190659148	281.031954329613	277.000644765413	273.673063417002	270.913532881385	268.619393517993	266.711083491892	265.125552096879	263.81178972657	262.727714113168	261.838002320723	261.112576895227	260.525558820382	260.054549016249	259.680142570169	259.385577962555	259.156473314011	258.980599591654	258.847666113723	258.749107034859	258.677868313314	258.628195762368	258.595438307496	258.575866205372	258.566506053663	258.565000705737	258.56948980251	258.578510426999	258.59091572827	258.605809056767	258.622491148634
32	489.36530349801	490.941334067312	469.480271366744	449.905176718596	432.658258028712	417.562549256252	404.394771683951	392.941089414758	382.998657066337	374.357660428095	366.804429460408	360.141858366592	354.204564864306	348.861630857754	344.01192484017	339.577545811316	335.497947373309	331.725376548114	328.221571544129	324.955367892887	321.901000682753	309.152697764659	299.47390892174	291.896677907929	285.841444411535	280.931759816544	276.909514024213	273.590544081516	270.839203020736	268.552845464847	266.651909452544	265.073331844362	263.766081750198	262.688050911796	261.803890476435	261.083501955849	260.500994272603	260.033968447067	259.663032666759	259.371451260842	259.144878665612	258.971129532985	258.839960809972	258.742855009098	258.672804605276	258.62409827379	258.592123130463	258.573182559169	258.56433126463	258.56323555044	258.568054364083	258.577340522142	258.589959897372	258.605026072417	258.621847979995
33	489.303218157354	490.913780254709	469.473589500849	449.888238302256	432.625126631928	417.509832134143	404.321529373518	392.848166582004	382.88827844941	374.233031793592	366.669068361486	359.998971201164	354.056750407321	348.710860459142	343.859644827783	339.424802190426	335.345493364832	331.573754334872	328.071172057127	324.806473242204	321.753813583302	309.015527174408	299.347349809748	291.780432199798	285.735009084722	280.83462243359	276.821196872269	273.510607413685	270.767234466648	268.48844583161	266.59467883998	265.022857824073	263.721930961596	262.649764743005	261.770985421792	261.055474633212	260.477330489217	260.014154845474	259.646569839002	259.357865793977	259.133733211831	258.962029769617	258.832559040264	258.736850673302	258.667942332973	258.620164220841	258.58894037284	258.57060614225	258.562243320178	258.561540783355	258.566676047012	258.576217048447	258.589041881792	258.604273953776	258.621230064311
34	489.241353989057	490.886011736484	469.467163071044	449.871989752778	432.593288028397	417.459068904102	404.250872246686	392.758381757183	382.781483831675	374.112317281056	366.537847424203	359.86036843277	353.913304688094	348.564500542577	343.711786987214	339.276471216497	335.197424322241	331.426485050003	327.925082824616	324.661840732627	321.610837090526	308.882284595549	299.224433186694	291.667558019357	285.631689820736	280.74036013737	276.735526245342	273.433099223537	270.697485374602	268.426064670151	266.539271884353	264.974022714843	263.679240794439	262.612769391104	261.739210837431	261.028427986875	260.454509230765	259.99505820864	259.630711503499	259.344785635295	259.123006907993	258.953275368421	258.825440251667	258.731077179155	258.663267004489	258.616382416654	258.585880953925	258.56812959289	258.560236254871	258.559911569331	258.56535092903	258.575136820075	258.588159089528	258.603550587863	258.620635675359
35	489.17972715094	490.858022037314	469.460973590019	449.856384017033	432.562657187924	417.410135252875	404.182640384751	392.671545270666	382.678060588492	373.995287926222	366.410526903717	359.72580062695	353.773977653907	348.422299487027	343.568099603058	339.132302117267	335.053497350211	331.283321781131	327.78305944547	324.521228848988	321.471832464573	308.752747351525	299.104954957885	291.557863348021	285.531308530723	280.648807929069	276.652349529719	273.357878699956	270.629826251634	268.365583393292	266.485583162203	264.926728664905	263.637923245055	262.57698632971	261.708497257066	261.002301149609	260.432477685826	259.976633123417	259.615419012205	259.332178199843	259.112672517254	258.944843737693	258.818585829249	258.725519272187	258.658767649204	258.612742737421	258.58293665707	258.565746250451	258.558304671615	258.558343533902	258.564075461548	258.574096954616	258.58730917535	258.602854062766	258.620063251069
36	489.118324914055	490.829853275836	469.455004344125	449.841378450721	432.533156841489	417.362917953974	404.116687869017	392.587483817895	382.577814238525	373.8817341727	366.28688724079	359.595048088158	353.638540172358	348.284026686386	343.428351957222	338.992065021324	334.913481041086	331.144038193035	327.644877906326	324.384416146796	321.336580989874	308.626711201397	298.98872313039	291.451172192097	285.433702020603	280.559814642678	276.571526941639	273.284816907226	270.56413856528	268.306893492516	266.43351254886	264.880886190922	263.597897869542	262.542343806917	261.678781235575	260.977038539639	260.411187693536	259.958838228685	259.600657188555	259.320013847975	259.102705278847	258.936714350027	258.811978866463	258.720163103076	258.654432234717	258.609235996828	258.58010002785	258.563450072912	258.556443674957	258.556832709356	258.562846425931	258.573094837591	258.586490011918	258.602182644071	258.619511374258
37	489.057144237507	490.801499775086	469.449240179943	449.826934298031	432.504716584041	417.317313608145	404.052881211538	392.506038643489	382.480566445683	373.771463709593	366.166726848576	359.467900529152	353.506781756985	348.149470267434	343.292332050624	338.855548691465	334.777165544904	331.008426257188	327.510332329398	324.251199105859	321.20488165246	308.503988831178	298.875563335211	291.347322847267	285.338720371837	280.47323936594	276.492930127794	273.213795486963	270.500313542655	268.249895430492	266.382969423463	264.836413387814	263.559091112039	262.508776299582	261.650004915151	260.952589536298	260.390595214208	259.941635702535	259.586393851425	259.30826542607	259.093082622313	258.928868503143	258.805603966614	258.714996063872	258.650250479671	258.605853836334	258.577364284694	258.561235564262	258.554648812154	258.555375486879	258.56166089467	258.57212809093	258.585699664137	258.601534753987	258.618978749737
38	488.996182237553	490.77297087802	469.443667321492	449.813016244713	432.477272101753	417.273227557657	403.991097998372	392.427063969547	382.386153288146	373.664299644981	366.049860219371	359.344167116315	353.378508594225	348.018435109843	343.15984462621	338.722558557828	334.644357562742	330.876294351664	327.379233059822	324.121390240162	321.076549273387	308.384407125261	298.765315028644	291.246166387189	285.246225536663	280.388958387593	276.416440951564	273.144705532549	270.438251129317	268.194497678824	266.333870519584	264.793234864689	263.521435246676	262.476223440232	261.622114961892	260.928907478727	260.37066001815	259.924991105761	259.57259983947	259.296908536359	259.083783862386	258.921289038573	258.79944698179	258.710006545351	258.646212893342	258.602588630634	258.574723241911	258.559097711947	258.552916022402	258.5539685739	258.560516196659	258.571194544652	258.584936366049	258.600908952426	258.618464218062
39	488.935426372744	490.744261204682	469.438273212949	449.79959203268	432.450764503802	417.230572938266	403.931225711981	392.350423912106	382.294423752873	373.560078900558	365.936116248048	359.2236717648	353.253541812263	347.890741121401	343.030709446716	338.592915004291	334.514878638489	330.747465565826	327.251404999172	323.994816450969	320.951412882387	308.267806612087	298.657830026711	291.147565348318	285.156090114595	280.306851736443	276.34195043632	273.077446609349	270.377859081972	268.140615895909	266.286139095734	264.751279972373	263.484868046672	262.444629840345	261.595062499707	260.905949627664	260.351345020869	259.908872599029	259.559248056262	259.285920275284	259.074790261958	258.913960517084	258.793495288381	258.705184293839	258.642311191536	258.599433405761	258.572171243027	258.557031932722	258.551241592896	258.552608965963	258.559409894962	258.570292219348	258.584198507047	258.600303926227	258.617966688839
40	488.874883563946	490.715407184218	469.433046382854	449.786630362181	432.425139742204	417.189269868961	403.873160705113	392.275998149272	382.205238421216	373.458650815614	365.825336782628	359.106251673961	353.13171603519	347.766221706348	342.904759788688	338.466451869907	334.388563677833	330.621776227551	327.12668614805	323.871317586515	320.829314295586	308.154039668913	298.552971228665	291.051392579906	285.068196213009	280.22681030775	276.269357786139	273.011925847892	270.319052183043	268.088172173804	266.239704322587	264.71048731042	263.449332101555	262.413944411616	261.5688024687	260.883676616413	260.332616169409	259.89325101735	259.546313763724	259.275279860322	259.066084344485	258.906868418859	258.787736891028	258.700519434871	258.638537269067	258.596381769846	258.569703104568	258.55503402708	258.549622121945	258.551293901868	258.558339749357	258.56941929486	258.583484605617	258.59971846703	258.617485179893
41	488.814560680522	490.686391360455	469.427976326342	449.774107670049	432.400348106306	417.149244729545	403.816807307171	392.203670605513	382.11846831736	373.359875919609	365.717375349601	358.991756017627	353.012877968221	347.644722548937	342.781841095557	338.343015134105	334.265259641107	330.499074610234	327.004926326984	323.750745177926	320.710106867167	308.042969361347	298.450611548951	290.957530170429	284.982434827801	280.148733205277	276.198569824712	272.948057446774	270.261751535701	268.037094420362	266.194500675552	264.670796407647	263.414774346662	262.384119958759	261.543293265476	260.862052117602	260.314442053592	259.878099471027	259.533774165768	259.264968144763	259.05765016441	258.899999564395	258.782160947499	258.696003107479	258.634883914234	258.593427848859	258.567314063515	258.553100136431	258.54805448411	258.55002085012	258.557303706206	258.56857410274	258.582793303779	258.599151467233	258.617018785846
42	488.75444619573	490.657245734825	469.423053402629	449.761997255707	432.376343780773	417.11042953543	403.762077020741	392.133335379412	382.033993895907	373.263624853319	365.612096032333	358.880044797021	352.896885312394	347.526100262204	342.661809923048	338.222461758351	334.14482439389	330.379219794235	326.885986050058	323.632961326039	320.593654390109	307.934468784901	298.350632912001	290.865868859896	284.898704451202	280.072526554042	276.129499859057	272.885761505644	270.205883963515	267.987315789458	266.150467420788	264.632152433796	263.381145641236	262.355112798317	261.51849640279	260.841042542708	260.296793647594	259.863393124773	259.521608217433	259.254967455584	259.049473005034	258.893341788738	258.776757412934	258.691627084201	258.631344411531	258.590566141498	258.564999736047	258.551226709714	258.546535803204	258.548787480026	258.556299874782	258.567755106894	258.582123351294	258.59860190714	258.616566673142
43	488.694537806643	490.627966217715	469.418268745652	449.75027615284	432.353084457729	417.0727613864	403.708887855105	392.064894199643	381.951698445484	373.169777416917	365.50937248091	358.770987827941	352.783602742703	347.410221510554	342.544532747231	338.104658663639	334.027125691823	330.262077649955	326.769735529849	323.517837718002	320.4798301251	307.828419536173	298.252925637481	290.776306711681	284.816910818768	279.998103142609	276.062067384976	272.824963948287	270.15138146829	267.938774185649	266.107548161925	264.594504495545	263.34840039372	262.326882421826	261.494376209384	260.820616777847	260.279644078829	259.849108997629	259.509796454464	259.245261458652	259.041539255044	258.886883838108	258.771517244945	258.687384035545	258.627912851703	258.587791912346	258.562756049645	258.54941044419	258.545063400887	258.547591618284	258.555326489658	258.566960870986	258.581473577309	258.598068830182	258.616128058325
44	488.634833296771	490.59856011775	469.413614185673	449.738923158501	432.330530995492	417.036181980567	403.657163694393	391.998255760108	381.871489913669	373.078221727313	365.409087035516	358.664463843685	352.672912844421	347.296962047002	342.429885128474	337.989481765904	333.912040281078	330.147531929444	326.656053795719	323.405254755886	320.368515939678	307.724711386012	298.157387289633	290.688748878696	284.736966082507	279.925381728061	275.996197399335	272.765595754274	270.098180753682	267.891411826011	266.065690438429	264.557805270588	263.316496230466	262.299391198206	261.47089954163	260.800745260557	260.262968423294	259.835225786801	259.498320840873	259.235835021032	259.033836368728	258.880615367477	258.766431757397	258.683266815769	258.624583370942	258.585100348007	258.560579345588	258.547648388299	258.543634896409	258.546431343599	258.554381998753	258.56619013949	258.580842964587	258.597551410811	258.615702270323
45	488.575330528732	490.569034428735	469.409082180222	449.72791866053	432.308647117235	417.000637184508	403.606833761103	391.933335051633	381.793266580463	372.988853470164	365.311129947833	358.56035969827	352.564697622532	347.186205904025	342.317750929673	337.876815433544	333.799453020571	330.035465592819	326.544827910262	323.295100690191	320.259601544111	307.623241424241	298.063922339535	290.603106822509	284.65878825712	279.854286504895	275.931819961375	272.707592551001	270.04622280233	267.845174851048	266.024845369323	264.522010683118	263.285392398444	262.272604105906	261.448035654337	260.781402554804	260.246743524158	259.821723709876	259.487164645614	259.226674117642	259.026352639151	258.874526694276	258.761493055595	258.679268982316	258.621350732305	258.582487206627	258.55846609789	258.545937676424	258.542247960603	258.545304761463	258.553464859215	258.565441653821	258.580230484292	258.597048805941	258.615288616335
46	488.516027437948	490.539395840582	469.404665753515	449.717244492239	432.287399144247	416.966076652022	403.557832134676	391.870052809095	381.716938655734	372.901575234039	365.215398687839	358.458569656738	352.458849517891	347.077844667106	342.208021647472	337.766551316574	333.68925652589	329.925771889251	326.435952271096	323.187271321786	320.15298369357	307.523913423653	297.972439244132	290.519297763878	284.58230070875	279.784746621473	275.868869707444	272.650894132119	269.995452439735	267.800012930444	265.984967286669	264.487079553422	263.255054704352	262.246488517178	261.425755807172	260.762562951979	260.230947831937	259.808584368014	259.476312302518	259.217765698428	259.019077228426	258.868608874387	258.756693803506	258.675384546967	258.618210065924	258.579948538239	258.556413107984	258.544275720459	258.540900499339	258.544210176441	258.552573696849	258.564714298444	258.579635229194	258.596560276205	258.614886492443
47	488.456922026964	490.509650750034	469.400358442716	449.706883787594	432.266755759149	416.932453485032	403.510097322757	391.808335009864	381.642422216379	372.816295916156	365.121797324836	358.358994761444	352.355267846084	346.971776862781	342.100595577571	337.658588060619	333.581349907235	329.818351091086	326.329327960694	323.081668756457	320.048566073289	307.426637271761	297.882858777932	290.437244199515	284.5074316983	279.716695713927	275.807285422666	272.595444423023	269.945818267657	267.755879171957	265.94601367948	264.452973649486	263.22544750496	262.221013957756	261.404033230587	260.74420312386	260.215561259312	259.795790618299	259.465749322712	259.209097625857	259.012000051068	258.862853586453	258.752027175959	258.67160793828	258.615156840127	258.577480666147	258.554417397413	258.542660109186	258.539590560483	258.543146006962	258.551707228789	258.564007031152	258.579056351	258.596085129677	258.61449533296
48	488.398012360399	490.479805271615	469.396154250389	449.696820871269	432.246687795116	416.899723931303	403.463571878416	391.748112425641	381.569638718371	372.732930190641	365.030235973473	358.261542264623	352.253858222905	346.867907322445	341.995377411056	337.552830628639	333.475638712838	329.71310941055	326.224862300282	322.978201303875	319.946258020548	307.331328461885	297.795100321378	290.356873462	284.434113936399	279.650071768102	275.747009910526	272.541190593789	269.897271898145	267.712729465649	265.907944550024	264.419656839629	263.196538666297	262.196151942266	261.382842900318	260.726301326858	260.200563324269	259.783326466754	259.455462193426	259.200658584803	259.005111708149	258.857253077777	258.747486815508	258.667933967293	258.612186834586	258.57508016626	258.552476192177	258.541088596671	258.538316325455	258.542110779435	258.550864259536	258.563318880465	258.578493058733	258.59562272095	258.614114610033
49	488.339296560466	490.449865248671	469.392047602179	449.687041149658	432.227168047833	416.867847114242	403.418202057622	391.689320220941	381.498514509886	372.651398031599	364.940630296662	358.166125119201	352.154532048709	346.766146713966	341.892277660797	337.449189780634	333.372034243276	329.609958906164	326.122468166357	322.876782859373	319.845974342835	307.237907636167	297.709090228238	290.278117324628	284.362284375217	279.584816356883	275.687989300876	272.488083201458	269.849768051063	267.670522541114	265.870722474272	264.387095503184	263.168298091766	262.171875805891	261.362161407863	260.708837201409	260.18593993719	259.771176968398	259.445438293922	259.192438011528	258.998403428175	258.851800115491	258.743066792533	258.664357795237	258.609296114402	258.572743846376	258.550586906306	258.539559089276	258.537076098964	258.541103120111	258.550043674513	258.562648940612	258.577944614887	258.595172448226	258.613743831434
50	488.280772802895	490.41982636044	469.388033309129	449.677531015998	432.208171107232	416.836784790753	403.373937511871	391.631890150699	381.428980497536	372.571624284342	364.852901058568	358.07266152077	352.057206044543	346.666411058782	341.791212191459	337.347581609172	333.270453090932	329.508816817169	326.022063670655	322.777332475951	319.74763514761	307.146300174378	297.624759254344	290.200911645935	284.291883613433	279.52087465675	275.630173055336	272.436075795914	269.803264198734	267.629219646112	265.834312301215	264.355258037185	263.140697554762	262.148160548998	261.341966813686	260.691791678621	260.171672978692	259.759328138984	259.435665820108	259.184426029982	258.991867013731	258.846487942337	258.738761568854	258.660874903782	258.606481005892	258.570468726604	258.548747126033	258.538069632887	258.535868298758	258.540121746846	258.549244433455	258.561996366197	258.577410331082	258.594733749731	258.61338253764
51	488.222439313403	490.389713362226	469.384106534074	449.668277765971	432.189664370967	416.806501133901	403.33073101193	391.575779723356	381.360971736093	372.493538279099	364.766973721726	357.981074494676	351.96180183385	346.568621311272	341.692101803484	337.247927124508	333.170816737414	329.40960529681	325.923571716966	322.679773883331	319.65116513641	307.056435822937	297.542042212564	290.125196041343	284.222855797857	279.458195076952	275.5735136245	272.385124683591	269.757720347068	267.588784342224	265.798681175458	264.324114714562	263.113710490803	262.124981408629	261.322238532301	260.675146874791	260.157747065488	259.747766875702	259.426133716821	259.176613394502	258.9854947935	258.841310236754	258.73456596481	258.657481068039	258.603738074573	258.56825202145	258.546954595281	258.536618401152	258.534691446074	258.539165461361	258.548465564134	258.561360367067	258.576889563884	258.594306100362	258.613030299088
52	488.164294364369	490.35952182515	469.380262761634	449.659269521821	432.171642904136	416.776962537203	403.288538198837	391.520928091671	381.294427116613	372.417073482158	364.682778083142	357.891291523013	351.868245564592	346.472700154708	341.594871853453	337.150151876521	333.073051159836	329.312250941442	325.826919637582	322.584035252067	319.556493330334	306.968248359631	297.460877660978	290.050913627719	284.155148296706	279.396729010026	275.517966216909	272.335188714182	269.713098835534	267.549182327086	265.763797938621	264.293637705238	263.087312126432	262.102318884451	261.30295719651	260.658885959999	260.144147691473	259.736480885796	259.416831616846	259.168991438286	258.979279579056	258.836261076996	258.730475129622	258.654172332255	258.601064105298	258.566091123643	258.545207202503	258.535203684827	258.533544157001	258.53823314225	258.547706156659	258.560740203722	258.576381711074	258.593889008611	258.612686713674
53	488.106336271924	490.329256616536	469.376497770356	449.650495164072	432.154077339532	416.748137438273	403.247317359123	391.46728472611	381.229289072324	372.342167180327	364.600247944961	357.803244206922	351.77646756707	346.378582914073	341.499451910432	337.054185612467	332.977086520868	329.216684480827	325.732038763509	322.490048673781	319.463552744704	306.881675290003	297.381207620526	289.978010703756	284.088711456166	279.336430605989	275.463488589915	272.286229087609	269.669364161962	267.510381306902	265.729633344335	264.263800632615	263.061478876085	262.080151001146	261.284104690249	260.642993237258	260.130861457773	259.725458570203	259.4077497091	259.161551902709	258.97321462594	258.831334908764	258.726484514701	258.650944987891	258.59845608436	258.563983589572	258.543502968863	258.533823882176	258.53242513471	258.537323738651	258.546965358382	258.560135183146	258.575886208263	258.593482013824	258.612351404506
54	488.048563393301	490.298903677524	469.37280761004	449.641944270134	432.136945437337	416.719996159321	403.207029221451	391.414802008351	381.165503311416	372.268760194815	364.519320815818	357.716867960366	351.686402043589	346.286200422906	341.405775444056	336.959961966801	332.882856838509	329.122840472513	325.638864501022	322.397750304716	319.372279987612	306.796657571792	297.302977318793	289.906436555401	284.023498379508	279.277256567494	275.410040859968	272.23820917746	269.626482839205	267.472350770486	265.696159804803	264.234578707567	263.036188641638	262.058458149461	261.265663821762	260.627453779647	260.117875477093	259.714689201406	259.398879028918	259.154287442012	258.967293485287	258.82652651603	258.722589849562	258.647795553874	258.595911183348	258.561927126147	258.541840037582	258.532477490332	258.531333162449	258.53643626461	258.54624236928	258.559544655088	258.575402525866	258.593084683713	258.612024017885
55	487.990974124423	490.26850425214	469.369188578428	449.63360705883	432.120234037244	416.692505934731	403.167636772273	391.36343501406	381.103018574765	372.196796630592	364.439937639497	357.632101731801	351.597986786371	346.195489911415	341.313779541053	336.867418177043	332.790299711786	329.030657010509	325.547332511487	322.307079417752	319.282615447224	306.713139364398	297.226134957136	289.836143226853	283.959464726343	279.219165963673	275.357585330307	272.191094372185	269.584423207926	267.435061919356	265.663351269824	264.205948527644	263.011420563202	262.037221899583	261.247618453485	260.612253586563	260.105177731972	259.704162456808	259.390210841047	259.147190671905	258.961510471949	258.821830901418	258.718786997752	258.644720758756	258.593426744601	258.559919578967	258.540216664306	258.531163097503	258.530267097216	258.535569793931	258.54553643782	258.558968008669	258.574930166337	258.592696612141	258.611704221478
56	487.9335668977	490.238044482837	469.365637201968	449.625474340277	432.103923188711	416.665649996042	403.129100321908	391.313141315437	381.041786415581	372.126223600386	364.362042548011	357.5488877508	351.511162920714	346.106391965936	341.223404647065	336.776494829667	332.699356065481	328.940075530222	325.457390591015	322.21797865015	319.194502310293	306.631067800744	297.150631498091	289.767085323641	283.896568529851	279.162120060653	275.306086287028	272.144851935923	269.543155336531	267.398487524696	265.63118311577	264.177887978133	262.987154934756	262.01642484047	261.229953344873	260.597379448289	260.09275688818	259.693868712918	259.381737037442	259.140254825911	258.955859797217	258.817243675319	258.715072479037	258.641717438421	258.591000166574	258.557958921561	258.538631208409	258.529879375898	258.52922586406	258.53472345554	258.544846857174	258.558404669355	258.574468661706	258.592317417068	258.611391702653
57	487.876340180047	490.20752842312	469.362150217948	449.617537470477	432.087996562308	416.639398774762	403.091396325001	391.263880801419	380.981760998674	372.056991073481	364.2855826364	357.467171297046	351.425874670777	346.01885029345	341.134594331157	336.687135623334	332.609969914458	328.85104048389	325.368980887549	322.130393636257	319.107886873088	306.550392698619	297.076420474006	289.699219832961	283.834770030071	279.106082166972	275.255510058861	272.09945086408	269.502650889018	267.362601815878	265.599632044345	264.150376141368	262.963373121756	261.996050514949	261.212654096759	260.582818889386	260.08060224507	259.683798877544	259.373449967198	259.13347352225	258.95033617992	258.812760338388	258.711442538335	258.63878290463	258.58862934333	258.556043182996	258.537082056579	258.528625002507	258.528208450875	258.533896429307	258.544172961844	258.557854096154	258.57401757131	258.591946738748	258.611086167
58	487.819292471048	490.176959945853	469.358724558252	449.609788310126	432.072438758813	416.613728813316	403.054488917742	391.215615513722	380.922898917233	371.98905163218	364.210507757134	357.386900489266	351.342069145558	345.932811506328	341.047295070536	336.599287155235	332.522088162564	328.763499197555	325.282051246186	322.044272804092	319.022718191128	306.471066725059	297.003457806728	289.63250595955	283.774031521576	279.051017492342	275.205824575846	272.054861772621	269.462883013848	267.327380378622	265.568675989959	264.123393212294	262.940057487486	261.976083353002	261.195705797206	260.568560115946	260.068703688466	259.673944362219	259.365342405626	259.126840736163	258.94493463503	258.808376793752	258.707893827754	258.635914282527	258.586311888417	258.554170719476	258.535567922261	258.527398979415	258.527213864207	258.533087901874	258.543514083797	258.557315738259	258.573576438903	258.591584197219	258.610787296094
59	487.762414665116	490.146342751718	469.355357334719	449.602219187163	432.05722795358	416.588617940585	403.018348591602	391.168309497028	380.865159025363	371.922360304785	364.136770338287	357.308026092112	351.259696143112	345.848224925422	340.96145605376	336.512898724902	332.435660388712	328.677401659374	325.196552146928	321.959567186535	318.938947892708	306.393044629742	296.931701648488	289.566904975458	283.714317214069	278.996893006158	275.156999402133	272.011056784447	269.423826242298	267.292800061903	265.538294034615	264.096920422035	262.917191323754	261.956508609824	261.17909813328	260.554591967452	260.057051651659	259.664297046408	259.357407523935	259.120350774552	258.939650452777	258.80408917103	258.704423184261	258.633108998525	258.584045714849	258.55233972792	258.534087315766	258.526200071421	258.526241302759	258.532297244834	258.542869733185	258.55678921688	258.573144974807	258.591229574531	258.610494930014
60	487.705720393467	490.115680377251	469.352045825746	449.594822862664	432.042364878773	416.564045177536	402.98294739203	391.121928661987	380.808502284789	371.856874400804	364.064325183854	357.230501339252	351.178707971056	345.765042399545	340.877029000119	336.427922154197	332.350638682293	328.592700342634	325.11243652958	321.876230248191	318.856530007906	306.316281322297	296.861112232751	289.502377790883	283.655593104661	278.943677372443	275.109005707887	271.968009428213	269.385456395346	267.258838892581	265.508466330244	264.070939967317	262.894758787422	261.937312309127	261.162817607072	260.540903873371	260.045637077227	259.654849244743	259.349638861453	259.113998252738	258.934479179493	258.7998938107	258.701027617158	258.630364618969	258.581828848556	258.55054861057	258.532638945612	258.525027235181	258.52528984771	258.531523698974	258.542239279822	258.556274006104	258.572722737415	258.590882497225	258.610208750376
61	487.649200807374	490.084976202591	469.348787464145	449.587592499756	432.027829363366	416.539990655887	402.948258812569	391.076440659558	380.752891624239	371.792547854357	363.993129360561	357.154281771959	351.099059274458	345.683218132805	340.793967993931	336.344311623264	332.266977475352	328.509350043251	325.029659632957	321.794217726478	318.775420811667	306.240740412057	296.791651738077	289.438893964873	283.597826860578	278.891340758622	275.06181605808	271.92569454548	269.347750498305	267.225475997155	265.479174027378	264.045434945852	262.872744842189	261.918481191197	261.146852634849	260.527485812862	260.034451382084	259.645593677042	259.342030300211	259.107778073161	258.929416599949	258.795787249709	258.697704296493	258.627678840906	258.579659421215	258.548795854856	258.531221588643	258.523879481987	258.524358699683	258.530766617485	258.541622199728	258.555769680831	258.572309381245	258.59054268401	258.609928527684
62	487.592854521776	490.054233458786	469.345579826047	449.580521635221	432.013600362772	416.516435542536	402.914257701599	391.031814765828	380.698291810382	371.729352973892	363.923142019377	357.079325085441	351.020706917319	345.60270856207	340.712229302824	336.26202351705	332.184633391816	328.427307730401	324.94817884701	321.713487485496	318.695578679449	306.166380886861	296.723284162898	289.376417926763	283.540987708551	278.83985477779	275.015404351382	271.884088205433	269.310686702262	267.192691529901	265.450399209626	264.020389296924	262.851135205202	261.900002665218	261.13119222139	260.514328277856	260.023486425447	259.636523440829	259.334576041622	259.10168540583	258.924458721134	258.791766208166	258.694450542263	258.625049483468	258.577535663422	258.547080028028	258.529834085973	258.52275587474	258.52344710064	258.530025386647	258.541017995363	258.55527583704	258.571904579561	258.590209868963	258.60965404519
63	487.536680177161	490.023455234905	469.342420620762	449.573604153505	431.99968343239	416.493361970317	402.880920171921	390.988017007023	380.644669329129	371.667247680172	363.854324271107	357.005590998756	350.943609787459	345.523472168079	340.631771362346	336.181016286871	332.103565108758	328.346532408938	324.867953576772	321.633999381481	318.616963954381	306.093165756876	296.655975210286	289.314917948494	283.485046347838	278.789192415995	274.969745735124	271.843167626374	269.274244211987	267.160466606741	265.42212483339	263.995787746832	262.829916297962	261.881864765542	261.11582592125	260.501422239124	260.012734479441	259.627631986108	259.327270585065	259.095715670314	258.919601757337	258.787827577056	258.691263814448	258.622474479835	258.575455898303	258.545399772173	258.528475339079	258.521655524949	258.52255433166	258.529299424919	258.540426195205	258.554792091797	258.571508014925	258.589883791957	258.609385088897
64	487.480676438499	489.992644484651	469.339307681519	449.566834262961	431.98605905522	416.470752974293	402.848223518552	390.945029049757	380.591992276291	371.606197013036	363.786639063203	356.933041122854	350.867728710728	345.445469382942	340.552554462753	336.101250321219	332.023733228421	328.266984992617	324.788945116799	321.555715138746	318.539538824748	306.021059748403	296.589692181674	289.254363742877	283.429974839695	278.739327919476	274.924816526886	271.802911103409	269.238403219349	267.128783244333	265.3943346724	263.971615758659	262.809075201177	261.86405611136	261.10074380316	260.488759115093	260.002188202062	259.618913092176	259.320108708214	259.089864519242	258.914842116391	258.783968406947	258.688141703771	258.61995186977	258.57341853553	258.54375379944	258.527144306313	258.520577590075	258.521679710925	258.528588177732	258.539846348918	258.554318078634	258.571119394256	258.589564214549	258.609121464585
65	487.424841994199	489.961804032792	469.336238956979	449.560206473963	431.972716743458	416.448592433247	402.816146143238	390.902819762043	380.54023025684	371.546167649501	363.720051066077	356.861638845229	350.793026320766	345.368662458996	340.474540703887	336.022687826875	331.945100160129	328.188628187011	324.711116535359	321.478598235196	318.463267210885	305.950029210281	296.52440387877	289.194726557472	283.375746532976	278.690236724512	274.880594142194	271.763297941714	269.203144842031	267.097624224805	265.367013266544	263.947859485959	262.788599613134	261.846565869626	261.08593641725	260.47632945616	259.991840612316	259.6103608463	259.313085448933	259.084127823075	258.910176387013	258.78018589752	258.685081923155	258.617479792685	258.571422065819	258.542140887666	258.525839998068	258.519521269415	258.5208225902	258.527891121957	258.539278032293	258.553853453008	258.570738435246	258.589250906166	258.60886298346
66	487.369175555157	489.930936581213	469.333212503432	449.553715578904	431.959646535235	416.426865015706	402.784667484742	390.86136394172	380.489354291841	371.487127803472	363.654526568101	356.791349221996	350.71946694661	345.29301535939	340.397691203491	335.945292718969	331.867630011099	328.11142638127	324.634432567312	321.402613796438	318.388114660632	305.880042006584	296.46008045986	289.135978762148	283.322335990127	278.641895327307	274.837056969038	271.724308341491	269.168451021173	267.066973383138	265.340145874668	263.924505730015	262.768477811303	261.829383720816	261.071394764774	260.46412805669	259.981685067297	259.601969624064	259.30619608859	259.078501656095	258.905601327125	258.776477387953	258.68208229985	258.615056481242	258.5694650553	258.540559124229	258.524561475723	258.518485803759	258.519982355081	258.527207759096	258.538720840742	258.553397885916	258.570364869803	258.588943647824	258.608609466219
67	487.313675853878	489.900032579203	469.330226477642	449.547356633716	431.946838960887	416.40555613024	402.753767954462	390.820637559061	380.43933673246	371.429047133033	363.590033378343	356.722138877887	350.647016515132	345.218493656134	340.321976898807	335.869030519312	331.791288485404	328.035345548012	324.558859515025	321.327728497811	318.314048252607	305.811067352041	296.396693595009	289.078094050158	283.269718861702	278.594281465074	274.794184559339	271.685923573607	269.134304669078	267.036815009775	265.313718366093	263.901541900349	262.74869861683	261.812499827312	261.057110270225	260.452146237305	259.971715241027	259.593734071233	259.299436136681	259.072982283469	258.9011138531	258.772840348019	258.67914076802	258.612680255273	258.56754614147	258.539008906177	258.523307846565	258.517470470926	258.519158420976	258.526537615406	258.538174389754	258.552951064696	258.569998443121	258.588642231392	258.608360742418
68	487.258341643645	489.86911835834	469.327279130282	449.541124940924	431.934285011854	416.384651879519	402.723428877033	390.780617685959	380.390151180365	371.371896654645	363.526540736705	356.653975913923	350.575642454496	345.145064422507	340.247362045549	335.793868262116	331.716042790352	327.96035315049	324.484365156483	321.253910473624	318.241036506489	305.743076069081	296.334215976562	289.02104531877	283.217872030806	278.547373653022	274.751957158384	271.64812554327	269.100689284454	267.007134205475	265.28771746151	263.878955978175	262.72925136179	261.795904804187	261.043074755538	260.44037694153	259.961925104948	259.585649087024	259.292801316621	259.067566091556	258.896710945894	258.769272252179	258.676255362207	258.610349516505	258.565664028062	258.537488435336	258.522078261566	258.516474584071	258.518350231911	258.525880240336	258.537638313639	258.552512691962	258.569638912844	258.588346458892	258.608116649935
69	487.203171697744	489.838184555749	469.324368799849	449.535016033958	431.921976111955	416.364139017838	402.693632435226	390.741282430336	380.341772413961	371.315648663554	363.464019230522	356.586829821541	350.505313607873	345.072696202318	340.173815050575	335.719774406584	331.641861549645	327.886418056534	324.410918660143	321.181129232917	318.169049299897	305.676039943561	296.272621570453	288.964812317663	283.166773191141	278.501151417533	274.710355954414	271.610897025606	269.067589170221	266.977916729792	265.262130233239	263.856736434315	262.710125858723	261.779589692142	261.029280416164	260.428813437532	259.952308909835	259.577709808634	259.286287529639	259.062249827801	258.892390006426	258.765771086221	258.673424117183	258.608062630818	258.563817481129	258.535996712745	258.520871912605	258.51549748947	258.517557258736	258.525235205058	258.537112264325	258.552082484653	258.569286048282	258.588056141865	258.607877034421
70	487.148164808763	489.807233436772	469.321493907091	449.52902566271	431.909904090815	416.344004911868	402.664361619042	390.702610875357	380.294176319994	371.260276659962	363.402440717076	356.520671402955	350.436000152588	345.001358834111	340.101305635558	335.646718755736	331.568714722737	327.813510458572	324.338490505791	321.109352768391	318.098057791111	305.609932077552	296.211885448847	288.90937015713	283.116401081158	278.455595163039	274.66936294509	271.574221539209	269.034989303306	266.949148963022	265.236944045329	263.834872410131	262.691312318968	261.763545932416	261.015719799001	260.4174492988	259.942861169091	259.569911588754	259.279890942736	259.057030178793	258.888148248874	258.762334488377	258.670645473194	258.605818416861	258.562005246268	258.534532699789	258.519688029971	258.514538564487	258.51677899745	258.524602101135	258.536595910286	258.55166017315	258.56893962968	258.587771100778	258.607641748841
71	487.093319787898	489.776267170033	469.318652949846	449.523149780133	431.898061159329	416.324237504185	402.63560017837	390.66458302297	380.247339830027	371.205755280423	363.341778251657	356.455472697122	350.367673524921	344.931023445937	340.029804904491	335.574672380928	331.496573529831	327.74160179933	324.267052410964	321.03855870162	318.028034347251	305.5447267002	296.151983731607	288.854696705826	283.066735324586	278.410686122477	274.628960891717	271.538083304422	269.002875303287	266.920817870828	265.21214789543	263.813353333486	262.672801564785	261.747765289533	261.00238578183	260.406278386216	259.933576640692	259.562250017869	259.273607812638	259.05190406289	258.88398313158	258.758960379531	258.667917587086	258.60361532077	258.560226392607	258.533095698861	258.518525824713	258.513597157987	258.516014908541	258.523980479405	258.536088935519	258.55124550045	258.568599447571	258.587491164493	258.607410653014
72	487.038635464338	489.745287831905	469.315830213792	449.517384529952	431.886439886879	416.30482527954	402.60733257914	390.627179749503	380.201240861346	371.152060234072	363.282006020677	356.391206910903	350.300306350182	344.861662364796	339.95928503591	335.503607512088	331.425410382121	327.670664702641	324.196577262492	320.96871743882	317.958952477446	305.480399105526	296.092893524614	288.800770800507	283.017756392256	278.366406311235	274.589131998007	271.502467205992	268.971233396366	266.892910971352	265.18773017594	263.79216916019	262.654584601157	261.732240072444	260.989271507813	260.395294830694	259.924450323883	259.55472085322	259.267434596782	259.046868539372	258.879892230674	258.755646774263	258.665238840916	258.601452029373	258.558479728396	258.531684708908	258.517384731017	258.512672843834	258.515264677409	258.523370113978	258.535591004387	258.550838187211	258.568265267928	258.587216135421	258.607183578538
73	486.984103105257	489.714297410802	469.313052306781	449.511726235117	431.875033180185	416.285757233473	402.579543962496	390.590382723391	380.155858262062	371.099168243242	363.223099279261	356.327848354891	350.233872377547	344.793249051095	339.889719394209	335.433497646835	331.35519876893	327.600672837789	324.127039052725	320.899803258541	317.89078677052	305.416925594366	296.03459286752	288.747572148546	282.969445555728	278.322738484179	274.549862978549	271.467358752832	268.940050381834	266.865416304604	265.163680120463	263.771310270147	262.636652904515	261.716962697501	260.9763705999	260.384493020839	259.915477427466	259.547320050822	259.261367910407	259.041920798331	258.875873230348	258.752391775697	258.662607688709	258.599327287572	258.556764237597	258.530298908969	258.516263992899	258.51176498962	258.514527772027	258.522770554394	258.535101912919	258.550438083072	258.567936983556	258.586945941394	258.60696048205
74	486.929736572389	489.683297811183	469.310304228913	449.506171387258	431.863834263749	416.267022843137	402.552220106851	390.554174412514	380.111167089148	371.047056988102	363.165034293244	356.265372383672	350.168346419319	344.725758037447	339.821082417999	335.364317196895	331.285913410174	327.531601163325	324.058412725389	320.831791473556	317.823512834441	305.354283420309	295.977060684256	288.695081271321	282.921784843992	278.279666095679	274.511137369491	271.43274404602	268.909313600786	266.838322403888	265.139987409008	263.750767444211	262.618998307971	261.701926002833	260.963676680546	260.373867583388	259.906652079769	259.540043742862	259.255404516778	259.037058153282	258.871923916811	258.749193570597	258.660022652594	258.597239895382	258.555078948487	258.528937513556	258.515162975997	258.510873083149	258.513803778688	258.522181466209	258.534621330366	258.550044908641	258.567614356514	258.586680377843	258.606741185711
75	486.87552732533	489.652290857424	469.307584741882	449.50071188406	431.852836661579	416.248603578559	402.525347392526	390.51853800485	380.067157168871	370.995705055093	363.107788284948	356.203755339954	350.103704294207	344.659164871593	339.753349562966	335.296041652243	331.21752983255	327.463425377773	323.990674517561	320.76465837601	317.757107253114	305.29245073918	295.920276736287	288.643279465307	282.874757003156	278.237173262242	274.472938743675	271.39860974701	268.879010906986	266.811618269186	265.11664214385	263.73053184252	262.601612984149	261.687123102593	260.951183819615	260.363413373683	259.897972469828	259.532888227533	259.249541318884	259.032278034262	258.86804217261	258.746050424794	258.65748231914	258.595188705014	258.553422931442	258.527599770977	258.514081072985	258.509996633772	258.513092300806	258.521602528555	258.534148996764	258.549658452953	258.567297215294	258.586419305063	258.606525575488
76	486.821474259606	489.621278316386	469.304892663867	449.495353965941	431.842034180275	416.230506498543	402.498912768812	390.483457378823	380.023805251961	370.945091888694	363.051339382536	356.14297450251	350.039922774388	344.593446063107	339.686497248	335.228647463127	331.150024615347	327.396122233477	323.923801279706	320.698381090859	317.691547517161	305.231406561782	295.864221577024	288.592148761639	282.828345458701	278.195244727622	274.435256774473	271.364943047946	268.849130639601	266.785293342297	265.093634826969	263.710594984214	262.584489418649	261.672547418999	260.938886288778	260.353125462094	259.889433114445	259.525849959858	259.243775351687	259.027577981367	258.864225971327	258.742960678841	258.654985335874	258.593172618171	258.551795296812	258.526284961724	258.513017702371	258.50913517154	258.51239295833	258.521033433753	258.533684662653	258.549278513401	258.566985395001	258.58616258857	258.606313541458
77	486.767576286105	489.590261822339	469.30222686629	449.490089886349	431.831420893212	416.212714130552	402.472903723184	390.448917066405	379.981092042601	370.895197746381	362.995666572762	356.083008037425	349.976979535988	344.528579033606	339.620502807147	335.162111995167	331.083375234154	327.329669375239	323.857770869851	320.632938003672	317.626811990689	305.17113070999	295.808876515581	288.541671888063	282.782534280236	278.153865830217	274.39807617447	271.331731643931	268.819661597788	266.759337483584	265.070956338963	263.690948728914	262.567620408256	261.658192629292	260.92677859432	260.342999122368	259.881029987667	259.518925543118	259.238103774901	259.02295563872	258.860473372592	258.739922743971	258.652530408023	258.591190583403	258.550195192858	258.524992396862	258.511972307259	258.508288246251	258.511705387071	258.520473886833	258.533228088756	258.548904895518	258.566678737268	258.585910099102	258.606104977863
78	486.713832330604	489.559243002561	469.299576698965	449.484916719581	431.820991125838	416.195217624906	402.447308252642	390.414902218699	379.939003113357	370.846003656549	362.940749656645	356.023834952494	349.914853112716	344.464542069857	339.555344440659	335.09641347515	331.017560022755	327.264045300929	323.792561990601	320.568307765166	317.562879862733	305.111603775111	295.75422357187	288.491832233284	282.737308148507	278.11302247256	274.361384007045	271.29896370708	268.790593016858	266.733740950251	265.048597919254	263.6715852571	262.550999033097	261.644052664534	260.914855464684	260.333029820742	259.872759228682	259.512111720859	259.232523866247	259.018408748846	258.85678251742	258.736935098273	258.650116295419	258.589241593652	258.548621803784	258.523721416491	258.510944354171	258.50745542656	258.511029238007	258.519923605038	258.532779045624	258.548537412756	258.566377090094	258.585661712519	258.605899783086
79	486.660241333369	489.528223395114	469.296960028353	449.479831665713	431.810739441909	416.178008495116	402.422114836805	390.381398573706	379.897513505195	370.797491379015	362.886569208048	355.965435054557	349.853522852478	344.40131428018	339.491001172137	335.031530951353	330.952558131675	327.199229318511	323.728154146593	320.504470198453	317.499731105747	305.052807079245	295.700245444793	288.442613813593	282.692652324468	278.072701092679	274.325167828733	271.266627862201	268.761914546	266.708494375984	265.02655114811	263.652497056696	262.534618645693	261.63012169637	260.903111838787	260.323213205798	259.864617133062	259.505405369404	259.227033015111	259.013935147369	258.853151623853	258.733996283118	258.647741809587	258.587324683896	258.547074347878	258.52247138826	258.509933331859	258.506636299061	258.51036417658	258.519382317278	258.532337313228	258.548175886175	258.56608030764	258.585417309679	258.605697859507
80	486.606802248746	489.497193114467	469.294366539406	449.474832043687	431.800660630719	416.161078599063	402.397312412844	390.348392426169	379.85662124732	370.749643368113	362.833106534827	355.907788909421	349.792968876674	344.338875553463	339.427452807564	334.967444252615	330.888349487526	327.13520150569	323.664527604582	320.441405785735	317.437346436615	304.994722639033	295.646925477418	288.394001241578	282.648552620301	278.032888637422	274.289415664495	271.234713164043	268.7336162274	266.683588751877	265.004807928073	263.633676904916	262.51847285698	261.616394124607	260.891542855112	260.313545098956	259.856600144554	259.498803490885	259.221628716676	259.009532758096	258.849578982863	258.731104899797	258.645405811008	258.585438928951	258.545552075715	258.521241705948	258.508938750197	258.505830467394	258.509709882004	258.51884976359	258.531902680538	258.547820144121	258.565788249951	258.585176776186	258.605499113479
81	486.553514044792	489.466176005328	469.291795288106	449.469915284887	431.790749693428	416.144420119396	402.372890351939	390.315870599327	379.816304168818	370.702442737994	362.780343642397	355.850877804336	349.733172041999	344.27720652069	339.36467989683	334.904133949885	330.82491475486	327.071942672131	323.601663372821	320.379095725837	317.375707280107	304.937333131469	295.59424762531	288.345979696773	282.604995372255	277.993572537161	274.254115984525	271.203209075912	268.705688476639	266.659015408761	264.983360469401	263.615117854478	262.502555523213	261.602864565604	260.880143841493	260.304021485562	259.848704847422	259.492301579849	259.216308566375	259.005199588398	258.846062954528	258.728259606383	258.64310720657	258.58358344138	258.544054268491	258.520031788119	258.507960139078	258.505037551396	258.509066046583	258.5183256946	258.531474945093	258.547470021894	258.565500782783	258.584940002395	258.605303455155
82	486.500375702896	489.435162352085	469.289245370414	449.46507892712	431.781001839262	416.128025549372	402.348838437247	390.283820418374	379.776547563594	370.655873230154	362.728263199497	355.794683712742	349.674113904617	344.216288518808	339.302663697515	334.841581320253	330.762235300314	327.009434323886	323.53954309456	320.31752189942	317.31479573454	304.880621861899	295.542196426761	288.298534898054	282.561967415087	277.954740682248	274.219257682424	271.172105449648	268.678122064343	266.634765999857	264.962201273736	263.596813219845	262.486860733688	261.589527841365	260.868910305524	260.294638506566	259.840927959262	259.485900112873	259.211070254717	259.000933724859	258.842601964439	258.725459114751	258.640844947121	258.581757369523	258.542580236434	258.518840372454	258.506997047427	258.504257186274	258.508432375048	258.517809870994	258.531053912613	258.547125361455	258.565217777255	258.584706882923	258.605110798158
83	486.44738621747	489.404153455543	469.28671592012	449.460320608976	431.771412462007	416.11188767511	402.325146843238	390.25222968564	379.737337240892	370.609919182851	362.676848516897	355.739189261102	349.615776686455	344.156103556782	339.241386140939	334.779765671803	330.700293158954	326.947658630025	323.478149129035	320.256666836294	317.254594539471	304.824572733868	295.490756974853	288.251653077738	282.519456058073	277.916381400858	274.184830054761	271.14139250676	268.650908040833	266.610832485759	264.941323120132	263.578756564374	262.471382799221	261.576378969326	260.857837925601	260.285392450687	259.833266324247	259.479593529961	259.205911562435	258.996733329233	258.839194500321	258.722702187837	258.638618025224	258.579959895669	258.541129317307	258.517668330052	258.506049042188	258.503489021805	258.507808583938	258.517302063027	258.530639396554	258.546786011029	258.56493910961	258.584477316615	258.604921059607
84	486.394544595588	489.373150563409	469.284206106835	449.455638064576	431.761977141182	416.095999561751	402.301806116281	390.221086657203	379.698659563224	370.5645655024	362.626083470705	355.684377697807	349.558143243509	344.096634283655	339.180829800154	334.718674853005	330.639071002554	326.886598391208	323.417464438853	320.196513684686	317.195087045374	304.769170220802	295.439914891125	288.20532095722	282.477449062448	277.878483438091	274.150822781801	271.111060820731	268.624037964997	266.587207060722	264.92071896786	263.560941688207	262.456116241311	261.563413152742	260.846922542455	260.276279747098	259.825716906837	259.473381840775	259.200830355949	258.992596634644	258.835839108905	258.719987637019	258.636425473022	258.578190234302	258.539700875002	258.516514444104	258.505115707433	258.502732721644	258.507194401	258.516802050034	258.530231217749	258.546451824835	258.564664660959	258.584251206281	258.604734159838
85	486.341849856701	489.342154872641	469.281715134108	449.451029118645	431.752691628489	416.080354538891	402.27880715643	390.19038002092	379.660501375382	370.519797636159	362.575947282224	355.630232863796	349.501197036031	344.037863958511	339.120977859823	334.658289446176	330.578552109804	326.826237013008	323.357472582733	320.13704618229	317.13625718501	304.714399333713	295.389656300848	288.159525724002	282.435934620158	277.841035936359	274.117225909399	271.08110130037	268.597503499178	266.563882387203	264.900382302794	263.543362616853	262.441055781968	261.550625771683	260.83616015125	260.267296958503	259.818276785813	259.467261306991	259.195824583074	258.98852194199	258.832534392925	258.717314319678	258.63426636024	258.576447630497	258.538294298221	258.515378220226	258.504196643487	258.501987962573	258.506589564615	258.516309619954	258.529829204	258.546122662765	258.564394317052	258.584028458513	258.604550022291
86	486.28930103233	489.311167531622	469.279242237678	449.446491681865	431.74355183971	416.06494618806	402.256141200302	390.160098875811	379.622849993474	370.475601556911	362.526435415321	355.576739164992	349.444922100453	343.979776422136	339.061814087932	334.598593233271	330.51872033821	326.766558395139	323.29815761901	320.07824853066	317.078089446521	304.660245624088	295.339967809663	288.114255010084	282.394901333861	277.804028416873	274.084029831944	271.051505152254	268.571296672515	266.540851184881	264.880306544397	263.526013526815	262.426196334139	261.538012374521	260.825546894113	260.25844077468	259.810943148726	259.461229561563	259.19089226903	258.98450761661	258.829279008368	258.714681136904	258.63213979231	258.574731358367	258.536908999228	258.514259183108	258.50329146611	258.501254433857	258.505993823273	258.515824568924	258.529433189778	258.545798390128	258.564127968024	258.583808983493	258.604368573337
87	486.236897165776	489.280189642249	469.276786683826	449.442023746557	431.734553846585	416.04976833034	402.233799804933	390.130232712587	379.585693182847	370.43196369675	362.47752823154	355.5238815514	349.389303022882	343.92235607035	339.003322809	334.539570551619	330.459560097595	326.707547239089	323.239504370549	320.020105785376	317.020568752901	304.606695104202	295.290836481613	288.069494911814	282.354338198068	277.767450762229	274.051225276273	271.022263958172	268.545409791428	266.518106503511	264.860485456484	263.508889011978	262.411532925009	261.525568669978	260.815079053151	260.249708006383	259.803713286628	259.455284325156	259.186031512651	258.980552085123	258.826071661843	258.712087031352	258.6300449086	258.573040719639	258.535544412684	258.51315687558	258.502399805724	258.500531836649	258.505406935065	258.515346700862	258.529043015855	258.545478877358	258.563865508214	258.58359269482	258.604189742157
88	486.184637311866	489.249222261588	469.274347767828	449.437623382599	431.725693869208	416.034815014848	402.211774832632	390.100771395352	379.549019137325	370.388870992899	362.429211767396	355.471645470919	349.334324914166	343.865587828849	338.94548887891	334.481206268832	330.401056325121	326.649188471806	323.18149793816	319.962603169758	316.963678158758	304.553734280742	295.242249818404	288.025237795918	282.31423458135	277.731293199984	274.018803286527	270.993369514653	268.519835428177	266.495641633892	264.840913020136	263.491983619882	262.397060984493	261.513290453007	260.804753043828	260.241095579602	259.796584589167	259.449423401936	259.181240482862	258.976653832464	258.822911108124	258.709530985205	258.627980880757	258.57137504229	258.534199994546	258.512070857717	258.501521306721	258.499819883365	258.504828667226	258.51487582709	258.528658529018	258.545163999777	258.563606835919	258.583379509349	258.604013460584
89	486.132520536682	489.218251222842	469.271924812498	449.433288733611	431.716968268827	416.020080507882	402.19005843667	390.071705144347	379.512816459559	370.346310816682	362.381472533746	355.420016880487	349.279973386295	343.809457129401	338.888297661073	334.423485759036	330.343194451782	326.591467652241	323.124124005014	319.905726522571	316.907408890019	304.50135010574	295.194195739821	287.981470564435	282.274580209566	277.695546287091	273.986755209839	270.964813923677	268.494566408525	266.473450096888	264.821583423836	263.475292178748	262.382775842821	261.501173892828	260.794565351811	260.232600449362	259.789554539913	259.443644675615	259.176517415326	258.972811399092	258.819796147843	258.707012018281	258.625946911154	258.569733679295	258.532875221038	258.511000705998	258.50065562675	258.499118297172	258.504258795672	258.514411765969	258.528279581764	258.544853637357	258.56335185324	258.58316934702	258.603839662983
90	486.080545917291	489.187307387746	469.269517166827	449.429018013338	431.708373541085	416.005559282713	402.16864304782	390.04302451965	379.477074142569	370.304266429821	362.334297494612	355.368982199971	349.226234530176	343.753949887474	338.831735003995	334.366394880465	330.285960422102	326.534370811711	323.067368727215	319.849462150212	316.851744758505	304.449529962228	295.146662565232	287.938182366102	282.235365090743	277.660200895318	273.955072676987	270.936589552617	268.469595800313	266.451525633116	264.802491054195	263.458809693884	262.368673094956	261.489215028609	260.784512782085	260.224219958152	259.782620635235	259.437946105726	259.171860609296	258.969023378368	258.816725625303	258.704529186222	258.623942231421	258.568116007406	258.531569587679	258.509946012519	258.499802436099	258.49842681145	258.50369710459	258.51395434256	258.52790603203	258.54454767448	258.563100465871	258.582962130719	258.603668286131
91	486.028712541556	489.156376977517	469.267124204731	449.424809502287	431.699906309657	415.991246009957	402.147521361648	390.014720405831	379.441781552238	370.262735054695	362.287674047145	355.318528297956	349.173094894569	343.699052480962	338.775787219987	334.309919954297	330.229340606243	326.477884432429	323.011218713125	319.793796806287	316.796672676538	304.398261645403	295.099638996113	287.89536293933	282.196579745692	277.625248197342	273.923747614401	270.908689022442	268.444916902777	266.429862193191	264.783630487128	263.442531339827	262.354748485581	261.477410143894	260.774592017863	260.215951196283	259.775780708094	259.432325627291	259.167268424676	258.965288414078	258.813698426426	258.702081578826	258.621966101057	258.566521426046	258.530282608356	258.508906384261	258.498961417096	258.497745169317	258.503143386056	258.513503388314	258.527537742934	258.544245999753	258.562852582949	258.582757786136	258.603499269104
92	485.977014058469	489.125452870395	469.264745323796	449.420661544518	431.691563320255	415.977135548515	402.126686326498	389.986783997412	379.406928410824	370.221700812245	362.241590002711	355.268642472193	349.120541466219	343.644751730179	338.720441065116	334.254047744585	330.173321827606	326.421995433626	322.95566100385	319.738717672287	316.742179979109	304.347533344811	295.053114099504	287.853002079189	282.158214811445	277.590679653707	273.892772192503	270.881105196581	268.420523236364	266.408453928451	264.764996479525	263.426452452973	262.340997902654	261.465755647439	260.764799951261	260.207791525573	259.769032395543	259.4267815618	259.162739169266	258.961605198099	258.810713476844	258.69966831844	258.620017806123	258.564949356237	258.529013814485	258.507881442379	258.498132263529	258.497073123165	258.502597439646	258.51305874076	258.52717458253	258.543948505793	258.562608116865	258.582556241621	258.60333255314
93	485.925460405498	489.094551876682	469.262379943285	449.416572544677	431.683341434965	415.963222936948	402.10613113217	389.959206785171	379.372504781333	370.181152674651	362.196033568998	355.219312431128	349.068561651014	343.591034878835	338.665683720141	334.198765439304	330.11789133122	326.366691152822	322.900683054684	319.684212339283	316.68825440578	304.297333627491	295.007077231454	287.811090026866	282.120261292994	277.556486935573	273.86213884258	270.853831170488	268.396408533154	266.387295182283	264.746583961364	263.410568524531	262.327417371287	261.454248067195	260.755133586699	260.199738374126	259.76237351679	259.421311944983	259.158271567436	258.95797235487	258.807769740032	258.697288558467	258.61809665803	258.563399239596	258.527762754171	258.506870821545	258.497314680125	258.49641043423	258.50205907209	258.512620243231	258.526816423585	258.54365508904	258.562366983141	258.582357428109	258.60316808163
94	485.874045321862	489.063666895506	469.260027506162	449.412540965105	431.675237626897	415.949503385435	402.085849199226	389.931980543164	379.33850105275	370.141079971536	362.150993332936	355.170526276384	349.017143253313	343.537889576102	338.61150277256	334.144060631408	330.063036765921	326.311959328149	322.846272717613	319.63026879062	316.634884083609	304.247651355437	294.961518287566	287.769617326563	282.082710481463	277.522662235859	273.831840238342	270.826860261661	268.372566727776	266.366380481792	264.72838802826	263.394875193853	262.314003047721	261.442884048335	260.745590021864	260.191789256576	259.755801965145	259.415915008164	259.153862707232	258.954388926123	258.804866108744	258.694941481943	258.61620199236	258.561870537403	258.52652899146	258.505874169332	258.49650838204	258.495756872188	258.501528096957	258.512187744591	258.52646314335	258.543365649601	258.562129100288	258.582161278929	258.603005799885
95	485.822767936275	489.032798721206	469.257687473953	449.408565323239	431.66724897518	415.935972268099	402.065834168837	389.905097316432	379.304907926082	370.101472375769	362.106458244807	355.122272486186	348.966274471319	343.485303859564	338.557886199495	334.089921306065	330.008746167402	326.257788081552	322.792418224729	319.576875385504	316.582057510921	304.198475954189	294.916427251593	287.728574822206	282.045553942119	277.489197615367	273.801869285679	270.800186000291	268.348991948798	266.345704530024	264.710403934373	263.37936824211	262.300751214141	261.431660345285	260.736166450189	260.183941770698	259.749315704763	259.410589042395	259.14951373542	258.950853579151	258.802001863515	258.692626207337	258.614333057747	258.560362729696	258.525312105608	258.504891145623	258.495713094386	258.495112214767	258.50100433433	258.511761098986	258.526114623367	258.543080091052	258.561894389634	258.58196772974	258.602845655151
96	485.771627387153	489.001948116489	469.255359328287	449.404644189073	431.659372660158	415.922625115767	402.046079893211	389.878549409421	379.271716401095	370.062319887272	362.062417602941	355.074539899628	348.915943861291	343.433266139081	338.50482235157	334.036335817657	329.955007942217	326.204165902933	322.739108172461	319.52402084342	316.529763541943	304.149796942659	294.871794506166	287.687953638417	282.008783502932	277.456085631647	273.772219112975	270.77380212031	268.325678510577	266.325262198512	264.692627085702	263.364043586134	262.287658273479	261.420573817771	260.726860157402	260.176193593803	259.742912767612	259.405332395871	259.145221996852	258.947365179764	258.799175922605	258.690342188133	258.612489490125	258.558875229949	258.524111598582	258.503921422056	258.494928551792	258.494476247383	258.500487610509	258.51134016561	258.525770749274	258.542798320308	258.561662775229	258.581776718424	258.602687596472
97	485.720622822403	488.971115813749	469.253042569743	449.400776182744	431.651605958912	415.909457609144	402.02658042652	389.852329374918	379.23891776376	370.023612820749	362.018861039317	355.027317701872	348.866140336654	343.381765181483	338.452299937528	333.983292879443	329.901810852528	326.151081635007	322.686331506659	319.471694229387	316.477991372239	304.101604246976	294.827610728723	287.647745172229	281.972391243806	277.423319011257	273.742883061876	270.747702550954	268.302620905529	266.305048520259	264.675053033725	263.348897273245	262.274720743576	261.409621427021	260.717668517604	260.168542479334	259.736591250548	259.40014347153	259.140986162973	258.943922631434	258.796387387156	258.68808855757	258.610670535603	258.55740775025	258.522927353494	258.502964681504	258.49415449796	258.493848762798	258.499977757751	258.510924808468	258.52543141061	258.542520247459	258.561434183719	258.581588184973	258.602531574641
98	485.669753399269	488.940302516279	469.250736715487	449.396959972308	431.643946241004	415.896465572319	402.007330016303	389.826430003665	379.206503574364	369.985341792256	361.975778505845	354.98059540975	348.816853149689	343.330790080009	338.400308009686	333.930781547673	329.849144001711	326.098524459037	322.634077508396	319.419884939955	316.426730524874	304.053888098692	294.783866879528	287.607941082477	281.936369486283	277.390890703404	273.713854678596	270.721881408761	268.279813796804	266.285058683067	264.657677469312	263.333925475224	262.261935252905	261.398800231503	260.70858898953	260.160986253642	259.730349312568	259.395020724697	259.136804948971	258.940524873769	258.793635387851	258.685864606967	258.608875619055	258.555959737969	258.521758715826	258.502020617575	258.493390685278	258.493229560801	258.499474613991	258.510514896172	258.525096500659	258.542245785636	258.561208544227	258.581402071412	258.602377542113
99	485.619018284158	488.909508899446	469.248441301234	449.393194271608	431.636390964438	415.883644966628	401.988323095308	389.800844314443	379.174465656213	369.94749770694	361.933160261388	354.934362858588	348.768071877848	343.280330308805	338.348835950123	333.878791207791	329.796996820614	326.046483881191	322.582335780544	319.36858268988	316.375970837238	304.006639022486	294.7405541902	287.568533279247	281.900710783806	277.358793870894	273.685127705606	270.696332989934	268.257252011316	266.265288023174	264.640496217259	263.319124483415	262.249298535978	261.38810738287	260.699619112984	260.153522812903	259.724185172204	259.38996266092	259.132677111956	258.93717088102	258.790919083753	258.683669650675	258.607104205567	258.554530655337	258.520605411012	258.501088934147	258.492636874446	258.492618447895	258.498978022598	258.510110301745	258.524765916283	258.541974850883	258.56098578824	258.581218321694	258.602225452913
100	485.568416652428	488.878735611812	469.246155878157	449.38947783826	431.628937671835	415.870991884856	401.969554273784	389.775565544664	379.142796084922	369.910071747296	361.890996859408	354.888610189375	348.719786410702	343.230375600071	338.297873457462	333.827311561333	329.745359054523	325.994949719668	322.531096234946	319.317777499471	316.325702449107	303.959847824547	294.697664152929	287.529513913857	281.865407923009	277.327021881637	273.656696073772	270.671051763139	268.234930533135	266.24573201928	264.623505230484	263.304490703825	262.236807428995	261.377540122103	260.6907565055	260.146150120242	259.718097105025	259.384967833863	259.128601449211	258.93385966068	258.788237661173	258.681502934527	258.605355705237	258.553120120912	258.519467084818	258.500169344925	258.491892834096	258.492015237007	258.498487832144	258.509710902417	258.524439557758	258.541707362019	258.560765849523	258.581036881634	258.60207526259
