0	1	1.1	1.2	1.3	1.4	1.5	1.6	1.7	1.8	1.9	2	2.1	2.2	2.3	2.4	2.5	2.6	2.7	2.8	2.9	3	3.5	4	4.5	5	5.5	6	6.5	7	7.5	8	8.5	9	9.5	10	10.5	11	11.5	12	12.5	13	13.5	14	14.5	15	15.5	16	16.5	17	17.5	18	18.5	19	19.5	20
1	1.29448936684125	1.30429900996611	1.28909395141261	1.27765967989451	1.26893298296233	1.2621302329701	1.25677060498207	1.2525294881006	1.24914363829176	1.24639535717298	1.24411809853042	1.24219233588427	1.24053442586417	1.23908573222953	1.23780448069041	1.23666023792442	1.23563028964253	1.23469730854152	1.23384778184996	1.23307096819125	1.23235818012187	1.22954166679623	1.22761639308843	1.22629406247571	1.22540949713883	1.22485839127172	1.2245706851252	1.22449728577546	1.22460273356169	1.22486083058798	1.22525186538413	1.22576077200421	1.22637585008592	1.22708783774878	1.22788920878918	1.22877362440152	1.22973548143624	1.23076953841215	1.23187060787175	1.23303330446095	1.23425186114085	1.23552003362063	1.23683107072107	1.23817778464171	1.23955268695022	1.24094818429036	1.24235680109937	1.24377139927874	1.24518536914972	1.24659277274784	1.24798843424074	1.24936796348471	1.25072775968975	1.25206495459872	1.25337734672799
1.01325	1.29448674834907	1.30429517732039	1.28908198484189	1.27763725116153	1.26890102154644	1.26209048442339	1.25672464516311	1.25247869506105	1.24908923366111	1.24633835263025	1.24405926833567	1.24213224584974	1.24047348270007	1.2390242288165	1.23774263020345	1.23659819772837	1.23556817749444	1.23463521392652	1.23378577365549	1.23300910010092	1.23229649444201	1.22948128625038	1.22755765046052	1.22623710077076	1.22535439284275	1.2248051971479	1.22451944708513	1.22444804984833	1.22455554840457	1.22481574818976	1.22520894057462	1.22572006117622	1.22633740929159	1.22705172021091	1.22785546184832	1.22874228595925	1.22970657588192	1.23074307290107	1.23184656781055	1.23301165053341	1.23423252698425	1.23550292523521	1.23681606778003	1.2381647438356	1.23954144706051	1.24093857264212	1.24234864015984	1.24376451331388	1.24517958977203	1.24658794317061	1.2479844120895	1.24936462212398	1.25072498855475	1.25206265856677	1.2533754449551
2	1.29434152467378	1.30412181302044	1.2885296869949	1.2765639924299	1.26733009617601	1.26010094939167	1.25439482277288	1.24988007599328	1.24628727840311	1.24338868465034	1.24100522326875	1.23900580228595	1.23729774103355	1.23581586686262	1.23451378325129	1.23335780482073	1.23232293506922	1.23139020001714	1.23054489273309	1.22977539160715	1.2290723543035	1.22632718175769	1.22449238878459	1.2232687847034	1.22248736349592	1.22204244847463	1.22186355033933	1.2219015444467	1.22212107748583	1.22249608976125	1.22300697079627	1.22363867043182	1.22437938288775	1.22521958631683	1.22615131011404	1.22716756274063	1.22826186635937	1.22942788622564	1.23065914900894	1.23194884150737	1.23328971361949	1.23467406754934	1.23609385527929	1.23754083523017	1.23900679212953	1.24048376790368	1.24196428156043	1.24344150869805	1.24490940600464	1.24636277653208	1.24779728068397	1.24920940361289	1.25059639197684	1.25195617254627	1.25328726308477
3	1.29423453338651	1.30403656557853	1.28825764207787	1.27600387318181	1.26647278407704	1.25898099647407	1.25305436182679	1.24836097441644	1.2446301849894	1.24162979398858	1.23917361928231	1.23712334616991	1.23538037840962	1.23387514230436	1.23255810106538	1.23139336529807	1.23035436982356	1.2294210120336	1.22857777327236	1.22781243249855	1.22711519747968	1.2244142985379	1.22263667922909	1.2214758276829	1.22076015575417	1.22038303356133	1.22027365378798	1.22038281937559	1.22067520836644	1.22112478434166	1.221711937017	1.2224215450215	1.22324163858039	1.22416241807775	1.22517550758584	1.22627337060642	1.22744885109761	1.22869481818352	1.23000391906779	1.23136842819885	1.23278021233512	1.23423079411759	1.23571149701892	1.23721366298578	1.23872888212254	1.24024922387579	1.24176742724987	1.2432770379132	1.24477248371735	1.24624909271322	1.24770306402924	1.24913140491194	1.25053184714503	1.25190275409881	1.25324302690812
4	1.29414107639599	1.30398099845169	1.28808795715179	1.27564210280802	1.26590261588934	1.25822016854122	1.25212968345167	1.24730108286376	1.24346424424682	1.24038470181664	1.23787153329869	1.23578116190241	1.23401051614704	1.23248662668902	1.2311575160381	1.22998555632464	1.22894295340135	1.22800872942255	1.22716672641031	1.22640424908362	1.22571115847933	1.22304283889956	1.22130783994441	1.22019395664496	1.21952758272132	1.21920133671861	1.21914414142351	1.21930672311782	1.21965374554324	1.22015917358686	1.22080335272023	1.2215710599546	1.22245015392626	1.22343057021151	1.22450356883994	1.22566114898996	1.22689559858438	1.22819916027497	1.22956381850335	1.23098119152332	1.2324425476709	1.23393891451768	1.23546126722904	1.23700075556809	1.23854894723521	1.24009803691098	1.24164100876744	1.24317173812863	1.24468503131953	1.24617661237578	1.24764306947904	1.24908177504085	1.25049079197674	1.25186877608176	1.25321488149362
5	1.29405418331732	1.30393894603039	1.28796861872876	1.27538138717073	1.26548271940578	1.25765066592857	1.25142920563771	1.24649092553367	1.2425669827429	1.2394218151957	1.23686107867792	1.23473708138931	1.23294312530953	1.23140344430698	1.23006403708073	1.22888582758342	1.22783999112611	1.22690481589393	1.22606360801109	1.22530328781094	1.22461341703538	1.22197105371489	1.2202703523034	1.21919437996446	1.21856785210362	1.21828275083632	1.21826776208057	1.21847353255596	1.21886469887427	1.21941519876227	1.22010532070315	1.22091973291631	1.22184612146362	1.22287417344647	1.2239948204168	1.22519965593082	1.22648049660519	1.22782907027726	1.22923683412383	1.23069490594419	1.23219411851891	1.2337251640751	1.23527880605682	1.23684611477601	1.23841870480444	1.2399889254352	1.24154999480234	1.24309607544032	1.24462228546387	1.24612466347228	1.24760009868995	1.24904624054467	1.25046139934104	1.25184444675838	1.2531947219829
6	1.29397112296662	1.30390410863602	1.28787854814021	1.27518096829763	1.26515433571189	1.2571993363933	1.25086856143629	1.24583760404274	1.24183928515211	1.2386376159794	1.23603569484166	1.23388246368593	1.23206817153474	1.23051466121013	1.22916617807796	1.22798240036497	1.22693361577996	1.2259974626575	1.22515678972205	1.22439817535379	1.22371093629895	1.22109023132812	1.21941839049385	1.21837439867201	1.21778151840155	1.21753117516038	1.21755184085478	1.21779408226336	1.21822249947054	1.21881099190648	1.21953977933669	1.22039342636514	1.22135944257	1.22242728509158	1.22358758627884	1.22483157926551	1.22615067085682	1.22753615668543	1.22897905804168	1.23047009618535	1.23199977358354	1.2335585449486	1.23513704390976	1.2367263204232	1.23831806855472	1.23990479716217	1.24147994272555	1.2430379182528	1.24457410513605	1.24608480115156	1.24756713909582	1.24901898944103	1.25043885778348	1.25182578479717	1.25317925357608
7	1.29389057701484	1.30387344027904	1.28780731158118	1.27502015221738	1.26488706862361	1.25682787122385	1.25040320344086	1.24529178630948	1.24122830142067	1.2379767681759	1.23533831212493	1.23315905706074	1.23132661152526	1.22976071390283	1.2284040653151	1.2272152342717	1.22616371372845	1.22522658429431	1.22438627368331	1.22362906176011	1.22294403874129	1.22034196755392	1.21869513499782	1.21767891708012	1.21711527938753	1.21689515271938	1.21694681191625	1.21722074441228	1.2176815081086	1.21830295737085	1.21906524093437	1.21995280940185	1.22095301645236	1.22205509363002	1.22324940090198	1.22452684701731	1.22587847828445	1.22729521496887	1.22876771439823	1.23028637389912	1.23184143813465	1.23342318986525	1.23502218385079	1.23662948441049	1.23823688110448	1.23983703999584	1.241423597316	1.24299118772291	1.24453541943376	1.24605280952067	1.24754069409692	1.24899712623319	1.25042077154583	1.2518108083057	1.25316683619871
8	1.29381184447502	1.30384528088774	1.28774905866492	1.27488709417136	1.26466325682731	1.25651377337308	1.25000678522271	1.24482415417016	1.24070251421476	1.23740619900947	1.23473477246471	1.23253196278518	1.2306830353959	1.22910586370798	1.22774175497952	1.22654827462805	1.22549420045641	1.22455610140193	1.22371603530142	1.22296000339692	1.22227689652772	1.21969120579757	1.21806649826982	1.21707489590947	1.21653719862437	1.21634387984512	1.2164230324761	1.21672506632598	1.21721449340808	1.21786511876461	1.21865701755111	1.21957452946647	1.22060485183337	1.2217370097411	1.22296110938054	1.224267764485	1.22564769950062	1.22709150606712	1.22858953020085	1.2301319001776	1.23170865543052	1.23330995127803	1.23492629871096	1.23654880031104	1.23816934444909	1.23978075010778	1.24137683676435	1.24295243690163	1.24450335740396	1.24602630449432	1.24751878805186	1.24897901584556	1.25040578819428	1.25179839861791	1.25315654407677
9	1.29373448303749	1.30381864550992	1.28770021426151	1.27477443765247	1.26447176898106	1.25624274702636	1.24966246047665	1.24441587439731	1.24024162616872	1.23690455315669	1.23420299614958	1.23197859203577	1.2301145236481	1.22852696601882	1.22715596160132	1.22595816006821	1.22490168576816	1.22396263259298	1.22312271721509	1.22236770003884	1.22168627769454	1.21911522265022	1.21751039829471	1.21654095061146	1.21602661352673	1.21585743992244	1.21596135301621	1.21628868474079	1.21680389915057	1.21748074921314	1.21829923524811	1.21924358765493	1.22030085345897	1.2214598625188	1.22271048475029	1.22404306330313	1.22544803286008	1.22691569383088	1.22843612235942	1.22999921994042	1.23159486025716	1.23321310483331	1.23484444510933	1.23648003236612	1.23811185950785	1.23973289031368	1.24133711298041	1.24291953817243	1.24447614885337	1.24600381746506	1.24750020480075	1.24896365224041	1.25039307583776	1.25178786772877	1.25314780784604
10	1.29365821322269	1.30379291399133	1.28765845104496	1.27467732538929	1.26430518460214	1.25600516294633	1.24935881828055	1.24405414747139	1.23983178920235	1.23645724363064	1.23372787107526	1.23148347935186	1.22960536838803	1.22800816005995	1.22663072759935	1.22542887724565	1.22437012529891	1.22343013574239	1.22259031046373	1.22183617054348	1.22115625243836	1.21859843725519	1.2170116976365	1.21606242687111	1.21556937794511	1.21542220991734	1.21554868491697	1.21589905935576	1.21643774774666	1.2171384492214	1.21798108878357	1.21894978980503	1.2200314518503	1.22121472697677	1.22248925706999	1.22384513829997	1.225272541601	1.22676150712598	1.22830187458037	1.22988335210988	1.23149567814528	1.23312884523099	1.23477334236162	1.23642037797288	1.23806204950203	1.23969145830429	1.2413027484753	1.24289109245581	1.24445263114866	1.24598438447895	1.24748414640388	1.24895037546866	1.25038208877337	1.25177876426077	1.25314025386731
11	1.29358284545286	1.30376767915094	1.28762217852381	1.27459239692905	1.26415831404555	1.25579423961867	1.24908778130101	1.24372987433753	1.23946314677471	1.23605386327918	1.23329861413608	1.23103557849037	1.22914434211142	1.227538094924	1.22615462747134	1.22494895936519	1.22388804255311	1.22294713303256	1.22210734664869	1.22135398096736	1.2206754129603	1.21812970052751	1.21655956700589	1.21562884989292	1.21515538115278	1.21502845664471	1.21517568344083	1.21554724378002	1.21610750167309	1.21683010070643	1.21769489251022	1.21868589364567	1.21978986454836	1.22099528186211	1.22229157950368	1.22366862254286	1.22511634057312	1.22662453927112	1.22818284939696	1.22978081273843	1.23140805655473	1.23305452342313	1.23471071236108	1.23636789430472	1.2380182698354	1.23965507078343	1.2412725858981	1.24286613553016	1.24443200346524	1.24596734199442	1.24747006385892	1.2489387316194	1.25037245174776	1.2517707778594	1.25313362524782
12	1.29350824570841	1.30374266560168	1.28759026709379	1.27451723980302	1.26402738712806	1.25560502903273	1.24884342830717	1.24343636488205	1.23912842804945	1.23568672709993	1.23290724617472	1.23062670980024	1.22872313037061	1.22710836797935	1.22571920195488	1.22450991507899	1.22344692995187	1.22250512199987	1.22166532634618	1.22091265364781	1.22023531547743	1.21770075198455	1.21614598727456	1.21523245834936	1.21477714084984	1.2146689836326	1.21483544369454	1.21522663219857	1.21580686208076	1.21654972137773	1.21743498685049	1.21844657245081	1.21957110379257	1.2207968903137	1.22211316989434	1.22350959226631	1.22497586495105	1.22650158101085	1.22807618522559	1.22968907518692	1.23132978634237	1.23298822614458	1.23465491285595	1.23632118320633	1.23797933872493	1.23962273501325	1.24124579554747	1.24284397673592	1.24441369261168	1.24595221530147	1.24745756451757	1.24892839610566	1.25036389643152	1.25176368658829	1.25312773825564
13	1.29343431597976	1.30371768333302	1.28756187847194	1.27445006796137	1.26390959429128	1.255433815351	1.24862129090813	1.24316855541495	1.23882212122713	1.23534999923731	1.23254770423797	1.23025065175926	1.22833540373544	1.22671258262829	1.225318009932	1.22410527786981	1.22304030985647	1.22209762223573	1.22125778989947	1.22050573062387	1.21982952150711	1.21730530090282	1.21576485302139	1.21486735532478	1.21442896999578	1.21433831930963	1.21452271887719	1.21493220839806	1.21553104945466	1.21629277414799	1.21719708504958	1.21822779578393	1.2193714017662	1.22061605268656	1.22195080104171	1.22336509510506	1.22484843707928	1.22639022617674	1.22797974063362	1.22960625230088	1.23125922061174	1.23292852965466	1.23460472384088	1.2362792075946	1.2379443807657	1.23959371646395	1.24122176410212	1.242824105913	1.2443972754354	1.24593865409117	1.24744635870281	1.24891912949572	1.25035622489848	1.25175732673414	1.2531224573438
14	1.29336098252514	1.30369259970871	1.28753640918829	1.27438952739357	1.26380278704975	1.25527773538552	1.24841792527342	1.24292252674356	1.23853994935404	1.23503914403809	1.23221527167331	1.22990256646341	1.22797624202339	1.22634575580103	1.22494603261463	1.22373000844691	1.22266313382978	1.22171958476169	1.22087968944879	1.22012818508992	1.21945301494444	1.2169384446898	1.21541140777185	1.21452894110714	1.21410643680352	1.21403220609974	1.21423342855713	1.21466007369005	1.21527635162078	1.21605573841955	1.2169778632235	1.21802644160093	1.21918784309106	1.22045006224183	1.22180198235658	1.22323285596298	1.22473199685252	1.22628862666027	1.22789187371299	1.22953089967426	1.23119510101737	1.23287434790233	1.2345592160943	1.23624117865379	1.23791273091275	1.23956745767848	1.24120002647943	1.24280613645854	1.24438243142558	1.24592639311858	1.24743622712664	1.24891075049914	1.25034928728748	1.2517515743323	1.25311767985861
15	1.29328818849819	1.30366732178973	1.28751337157007	1.27433456814398	1.26370528845789	1.25513455676444	1.24823061219439	1.24269518177463	1.23827852461773	1.23475056674952	1.23190620689239	1.22957860901283	1.22764172995908	1.22600392940399	1.22459928275405	1.22338010272731	1.22231139015655	1.22136699719912	1.22052701730507	1.21977601584357	1.21910180579739	1.21659628763616	1.21508187168829	1.21421356473971	1.21380602281627	1.21374726399084	1.21396433672471	1.21440713799282	1.21503982827234	1.21583582766257	1.21677469271911	1.21784004316788	1.2190181267178	1.22029679111522	1.22166475284811	1.22311108600888	1.22462492689211	1.22619533379292	1.22781129950184	1.22946188873781	1.23113644591824	1.23282483492429	1.23451766681377	1.23620648355714	1.23788387305207	1.23954352642911	1.24118022234035	1.2427897690109	1.24436891247111	1.24591522711481	1.24742700011657	1.24890311907803	1.25034296783981	1.25174633362637	1.25311332651589
16	1.29321588914442	1.30364178475649	1.28749238479231	1.274284361722	1.26361576591261	1.25500248400757	1.24805717544199	1.24248403233318	1.23803512352559	1.23448137044881	1.23161749218226	1.22927567827023	1.22732870887435	1.22568390682678	1.22427453960141	1.22305232596467	1.22198183764999	1.2210366176431	1.22019653523742	1.21944598903875	1.21877267790646	1.21627567983668	1.21477319306595	1.2139182782529	1.21352489287864	1.21348077086265	1.21371283379513	1.21417091118962	1.21481911142391	1.2156307992433	1.21658545933468	1.21766661825492	1.21886040537328	1.22015452738794	1.22153754178871	1.22299835420328	1.2245259352397	1.22610919207328	1.22773699461157	1.22939832200514	1.2310824758083	1.23277931987896	1.23447950354786	1.23617463655038	1.23785739928557	1.23952158139395	1.24116206730161	1.24277476743108	1.24435652306036	1.24590499437303	1.2474185440294	1.24889612462124	1.25033717512425	1.25174152897718	1.25310933465751
17	1.29314404857111	1.30361592841846	1.28747315258281	1.27423824403939	1.26353314499732	1.2548800571904	1.24789584289879	1.2422870501677	1.23780752038083	1.23422918594037	1.23134665699519	1.22899123320912	1.22703459199224	1.22538306580047	1.22396916392657	1.22274402712369	1.22167181977528	1.22072578883809	1.21988558893099	1.21913546138541	1.21846298872104	1.21597404650333	1.21448287070075	1.21364066678346	1.21326072090754	1.21323049399138	1.21347678301222	1.21394935577291	1.2146122646947	1.21543882064929	1.21640843764983	1.21750455049111	1.21871317413485	1.22002187954892	1.22141907249723	1.22289349906717	1.22443397431719	1.22602926585279	1.22766813152989	1.22933947478	1.23103256210721	1.2327372624989	1.23444426580443	1.23614524993424	1.23783298211046	1.23950134872637	1.24114533340377	1.24276094252154	1.24434510641957	1.24589556525079	1.24741075173376	1.24888967867051	1.25033183601467	1.25173709988213	1.25310565417026
18	1.29307263751548	1.30358975202589	1.28745544516412	1.27419567541039	1.26345654727766	1.25476610103587	1.24774515758315	1.24210256060914	1.23759387445733	1.23399205214728	1.23109165370604	1.22872316943998	1.22675723212512	1.22509924011425	1.22368096610761	1.22245300682515	1.22137913175722	1.22043230527546	1.21959197524233	1.21884223202194	1.2181705463665	1.21568924434821	1.21420882943531	1.21337872716282	1.21301157941785	1.21299458406294	1.21325441873737	1.21374078568188	1.21441768655219	1.21525837705479	1.2162422015808	1.21735250488101	1.21857519115278	1.21989770045955	1.22130829343459	1.22279556482826	1.22434818334529	1.22595478746799	1.22760403220664	1.22928475403182	1.23098619108457	1.23269822175167	1.23441157807727	1.23611800538308	1.23781035497147	1.23948260569551	1.24112983524046	1.24274814046209	1.24433453524129	1.24588683449621	1.24740353626689	1.2488837093706	1.25032689111206	1.25173299719559	1.25310224434269
19	1.29300163176579	1.30356321748794	1.28743905694807	1.27415621191596	1.26338524624002	1.25465961831031	1.24760390475893	1.24192916531742	1.23739264629843	1.23376832664806	1.23085077065851	1.2284697214177	1.22649483070664	1.22483060346401	1.22340810782914	1.22217741707373	1.22110192344699	1.22015431612438	1.21931384606807	1.21856445646393	1.21789350945725	1.21541947679514	1.21394932807129	1.2131307792547	1.21277585226599	1.21277149104751	1.21304425733966	1.21354378843487	1.21423403609483	1.21508820100353	1.21608555872372	1.21720936633663	1.2184454200114	1.21978103364072	1.22120432881043	1.22270375640811	1.22426784749162	1.22588511973083	1.2275441345321	1.22923366873412	1.23094293787442	1.23266183329498	1.23438113046176	1.23609264120864	1.23778929820238	1.23946516886046	1.24111542024771	1.24273623472935	1.24432470481166	1.24587871555231	1.24739682611662	1.24887815763681	1.25032229157296	1.25172918050241	1.25309907169178
20	1.29293100293107	1.30353632590781	1.28742382478131	1.27411948446653	1.26331863472461	1.2545597786246	1.24747106162795	1.24176568496795	1.23720253554865	1.23355662064365	1.2306225548361	1.2282293944586	1.2262458632141	1.22457561221548	1.2231490331811	1.22191569578666	1.22083862715608	1.21989025308451	1.21904963222692	1.21830056983072	1.21763032263649	1.21516321876054	1.21370289143603	1.21289539992787	1.21255216880603	1.21255990292923	1.21284504447148	1.21335716964146	1.21406017990325	1.21492722165534	1.2159375026577	1.21707419408327	1.21832298700233	1.21967107349885	1.22110643970929	1.22261740551343	1.22419236605417	1.22581972804931	1.22748796765282	1.2291858080503	1.23090244738841	1.23262779293464	1.23435266446927	1.23606893928508	1.23776962895008	1.23944888554094	1.24110196148772	1.24272512008787	1.24431552805624	1.24587113645356	1.24739056183192	1.24887297435055	1.25031799679133	1.25172561620098	1.25309610837657
21	1.2928607491503	1.30350906767336	1.28740961232477	1.27408518357912	1.26325620055919	1.25446587882525	1.24734575486801	1.2416111164706	1.23702243402034	1.23335574933879	1.23040576726651	1.22800091197739	1.22600902731191	1.22433294677947	1.2229024079653	1.22166650461939	1.22058790214126	1.21963877459127	1.21879799613355	1.21804923638291	1.21737965255877	1.21491917475902	1.21346825910498	1.21267137361611	1.21233936424109	1.21235869920215	1.21265570990536	1.21317990839325	1.21389515144169	1.21477452645417	1.21579717603758	1.21694618725947	1.21820714901053	1.21956713540116	1.22101400437527	1.22253594531451	1.22412123030673	1.2257581607507	1.22743513336515	1.22914082501146	1.23086442005092	1.23259584428995	1.2343259624103	1.23604671607426	1.23775119321394	1.23943362741039	1.24108935231439	1.24271470815216	1.24430693185883	1.24586403677913	1.24738469350249	1.24886811827635	1.25031397267703	1.25172227607982	1.25309333101983
22	1.29279084730766	1.30348144309477	1.28739630470596	1.27405304587695	1.26319750839893	1.25437731679951	1.24722725158084	1.24146459511602	1.23685139009194	1.23316469442541	1.23019934180431	1.22778317495833	1.22578320148217	1.2241014705551	1.22266709234971	1.22142869203003	1.220348593883	1.21939872576614	1.21855778294202	1.21780930425963	1.21714034894605	1.21468621863911	1.21324434380302	1.21245765150619	1.21213642992263	1.21216691553132	1.2124753325416	1.21301113144485	1.21373811967861	1.21462933115855	1.21566384260423	1.21682465867818	1.21809726873865	1.21946863273876	1.22092648523637	1.222458890955	1.22405400541222	1.22570003133678	1.22738529262571	1.22909842411582	1.23082860097452	1.23256576940957	1.23430083938822	1.23602581579307	1.23773386057602	1.23941928566776	1.24107750234371	1.24270492403612	1.24429885428282	1.24585736535322	1.24737917885751	1.24886355449089	1.25031019035725	1.25171913624326	1.25309071981865
23	1.29272128657851	1.30345345601561	1.28738380431203	1.27402284842899	1.26314218380608	1.2542935795635	1.24711490581727	1.24132538338704	1.23668857624081	1.23298257209599	1.23000235443091	1.2275752304701	1.22556741298977	1.2238801975299	1.22244208866316	1.22120125824065	1.22011970018932	1.21916910373132	1.21832799086128	1.21757977321499	1.21691141637207	1.21446337913306	1.21303020403964	1.21225332655169	1.21194249297539	1.21198371584157	1.2123031141521	1.21285007772833	1.21358836506582	1.21449095707972	1.21553686552859	1.21670901430249	1.21799279576023	1.21937505913785	1.2208434204129	1.22238582478647	1.22399031725673	1.22564500794278	1.2273381535503	1.22905835177152	1.23079477162375	1.2325373815945	1.23427713713766	1.2360061051846	1.23771751947208	1.23940576733769	1.24106633436526	1.24269570378509	1.24429124244268	1.24585107848352	1.2473739818095	1.24885925317915	1.25030662518156	1.25171617628881	1.25308825786349
24	1.29265205476317	1.3034251128847	1.2873720275922	1.27399439848662	1.26308990541862	1.25421421835065	1.24700815862528	1.24119283158633	1.23653328139401	1.23280861415812	1.22981399954756	1.2273762468662	1.22536081265671	1.2236682667599	1.22222652836793	1.22098333018165	1.21990034571053	1.2189490326459	1.21810774470502	1.21735977040938	1.21669198404632	1.21424980594245	1.2128250166966	1.21205760506453	1.21175679149521	1.21180837058984	1.21213835846022	1.21269608547012	1.21344526048004	1.21435881299489	1.21541569035902	1.21659873726178	1.21789325145409	1.2192859749654	1.22076440890377	1.22231638449521	1.22392984153203	1.22559280306463	1.22729346409577	1.2290203888459	1.23076274332578	1.23251051978724	1.23425471922888	1.23598746944975	1.23770207384205	1.23939299240028	1.24105578194972	1.2426869923881	1.24428405085604	1.24584513859782	1.24736907132678	1.24885518870372	1.2503032559527	1.25171337867094	1.25308593061131
25	1.29258314195813	1.30339642206314	1.28736090254553	1.27396752957114	1.26304039298792	1.25413884351873	1.24690652892408	1.24106637360363	1.23638487411968	1.2326421430052	1.22963356854735	1.22718549465492	1.22516265476875	1.22346492205262	1.22201964850023	1.22077414083248	1.21968976140694	1.21873774294534	1.21789627572077	1.21714852851536	1.21648128694675	1.21404474990795	1.21262805878284	1.21186979040509	1.21157865650192	1.2116402398961	1.21198045463271	1.2125485729347	1.21330825451969	1.21423238077718	1.21529983145147	1.21649337508484	1.21779821712092	1.21920099542517	1.22068910049961	1.22225025402782	1.22387229580773	1.22554316696237	1.227251004711	1.22898434464799	1.2307323519471	1.23248504387832	1.2342334669346	1.23596980861031	1.23768743993108	1.23938089153294	1.24104578756603	1.24267874221382	1.24427724014813	1.2458395131723	1.24736442054882	1.24885133887272	1.25030006432152	1.25171072820053	1.25308372547113
26	1.29251453425115	1.30336739329542	1.28735036674493	1.27394209679292	1.26299340195008	1.25406711362516	1.24680958739298	1.24094551135657	1.23624280058546	1.23248256921057	1.2294604383068	1.22700232769615	1.22497228136728	1.22326949594388	1.22182077565669	1.2205730134085	1.21948726794102	1.21853455485621	1.2176929046763	1.21694536969544	1.21627864926625	1.21384755582665	1.21243869215461	1.21168926775636	1.21140749759277	1.21147875713781	1.21182886325402	1.21240702855207	1.21317686532913	1.21411120384926	1.21518886107508	1.21639252950491	1.21770732444211	1.21911978256595	1.22061718751178	1.22218715578926	1.22381743192418	1.22549587980827	1.22721058351321	1.22895005289736	1.23070345480109	1.23246083255438	1.23421327798278	1.23595303709299	1.23767354660024	1.23936940424979	1.24103630101835	1.2426709117018	1.24427077595869	1.24583417382036	1.24736000602697	1.24884768430886	1.2502970342622	1.25170821160842	1.2530816314408
27	1.2924462336415	1.30333803730029	1.28734036575427	1.27391797336265	1.26294871751524	1.25399872802318	1.24671695715759	1.2408298043792	1.23610657043327	1.23232936281703	1.22929405525784	1.22682617564654	1.22478910694301	1.22308139488105	1.22162931054797	1.22037934135586	1.21929226223615	1.21833886485654	1.21749702855231	1.21674969216146	1.2160834710219	1.21365763594741	1.21225634898607	1.21151549024486	1.2112427903078	1.21132342237348	1.21168310660252	1.21227099819276	1.21305066220842	1.2139948778436	1.21508240059797	1.21629584815795	1.21762024776152	1.21904203771629	1.22054839831663	1.22212684499162	1.2237650313945	1.2254507485323	1.22717203122903	1.22891736670129	1.23067592549446	1.23243777788106	1.23419406079925	1.23593707761905	1.23766032890933	1.23935847781514	1.24102727860385	1.24266346471657	1.24426462845095	1.24582909592205	1.24735580744613	1.24884420824042	1.25029415191553	1.25170581742769	1.25307963901848
28	1.29237822818815	1.30330836550109	1.28733085185679	1.27389504776692	1.26290615085331	1.25393342020668	1.24662830448964	1.24071886132223	1.23597574746119	1.23218205441433	1.22913392631256	1.22665652881318	1.2246126117572	1.22290009114801	1.22144472126494	1.22019259723993	1.2191042073561	1.21815013540572	1.21730811027051	1.21656096008068	1.21589521808891	1.21347446774664	1.21208052473179	1.21134797199356	1.21108406788852	1.21117378848191	1.21154275884173	1.21214007753468	1.21292926264016	1.21388304295154	1.21498011327623	1.21620301783516	1.21753669778276	1.21896749572609	1.22048249194542	1.22206910463028	1.22371490066565	1.22540760220165	1.22713519839882	1.22888615664306	1.23064965299889	1.23241578541675	1.23417573566399	1.23592186334093	1.23764773111636	1.23934806540171	1.24101868145478	1.24265636906581	1.24425877099699	1.24582425746605	1.24735180661263	1.24884089562367	1.25029140483214	1.25170353534414	1.25307773964687
29	1.29231051140937	1.30327838956466	1.28732178302246	1.27387322146658	1.26286553179212	1.25387095367371	1.24654333012034	1.24061233364709	1.23584994196029	1.23204022427856	1.22897960753797	1.22649293108871	1.22444232935822	1.22272511145464	1.22126652829754	1.22001229465372	1.21892261903403	1.21796788252338	1.21712566622879	1.2163786904198	1.21571340873827	1.21329758362144	1.21191076669276	1.21118627702923	1.21093091232026	1.21102945568114	1.21140743939569	1.21201390527796	1.21281232518356	1.21377537592758	1.21488169832261	1.21611375891872	1.21745641638679	1.21889592017177	1.22041925368417	1.22201374148455	1.22366686752532	1.22536628883895	1.22709995222294	1.22885630779156	1.23062453874614	1.23239477132509	1.23415823179255	1.23590733486846	1.23763570364866	1.23933812580023	1.24101047541898	1.24264959650587	1.2442531802696	1.24581963919678	1.24734798763086	1.24883773332878	1.25028878215652	1.25170135637139	1.25307592587575
30	1.29224307738032	1.30324812156169	1.28731312206318	1.27385240700683	1.26282671266516	1.25381111712646	1.24646176040639	1.24050990668308	1.23572880511435	1.23190349407396	1.22883070825869	1.22633497270224	1.22427784061585	1.22255603045701	1.2210943038248	1.21983800388822	1.21874706637364	1.21779167414345	1.21694926457032	1.216202452524	1.2155376135741	1.21312656292102	1.21174666791201	1.2110300136101	1.21078294779755	1.21089006493789	1.21127680514912	1.21189215569685	1.21269954202114	1.21367159180438	1.21478688608122	1.21602782077047	1.21737917233741	1.21882709938479	1.22035849142993	1.22196058099572	1.22362077811921	1.22532667276794	1.22706617423054	1.22882771768458	1.2306004949131	1.23237466094515	1.23414148617088	1.23589343934428	1.23762420224406	1.23932862218483	1.24100262994633	1.24264312173907	1.24424783534866	1.24581522382332	1.24734433620897	1.24883470953699	1.25028627410626	1.25169927240268	1.2530741909772
31	1.29217592065499	1.30321757355132	1.2873048359368	1.2738325264548	1.26278955909129	1.25375371900466	1.24638337188168	1.2404112951042	1.23561202034696	1.23177152734108	1.2286868685423	1.2261822841077	1.22411876749006	1.22239246437831	1.22092765999972	1.21966933471472	1.21857715790535	1.21762111881131	1.21677851425256	1.21603185607422	1.21536744324984	1.2129610260243	1.21158786119772	1.21087882833474	1.21063983546726	1.21075529194653	1.21115054825893	1.21177453684822	1.21259063743279	1.21357142870517	1.21469543347693	1.21594497790235	1.21730475769572	1.21876084311333	1.2203000326041	1.22190947158735	1.22357649446475	1.22528863239701	1.22703375832511	1.22880029462454	1.23057744294078	1.23235538752468	1.23412544248277	1.23588012954389	1.23761318794307	1.2393195222697	1.24099511836373	1.24263692278885	1.24424271814056	1.24581099645598	1.24734084009197	1.248831814155	1.25028387235946	1.25169727656717	1.25307252926948
32	1.29210903620161	1.30318674786308	1.28729689516982	1.27381349273918	1.26275395106545	1.25369859334262	1.24630794122561	1.24031625510164	1.23549930455435	1.23164401557411	1.22854776524046	1.22603453086568	1.22396476777855	1.22223406578393	1.22076624587017	1.21950593413126	1.21841253960141	1.2174558621627	1.21661306115296	1.21586654892292	1.21520254595641	1.21280062915705	1.211434014083	1.21073240124691	1.21050126841844	1.21062484232474	1.21102838961242	1.21166078401025	1.21248536145515	1.21347465212118	1.21460712134336	1.21586502665541	1.21723298483185	1.21869697987865	1.22024372184434	1.22186027215933	1.22353389228891	1.22525205836185	1.22700260914497	1.2287739562461	1.2305553123556	1.23233689123339	1.23411005029457	1.23586736321181	1.2376026250706	1.23931079632851	1.24098791596643	1.24263097914665	1.24423781164684	1.24580694301139	1.24733748761021	1.24882903750781	1.25028156888747	1.25169536219421	1.25307093520191
33	1.29204241934874	1.30315567532192	1.2872892733755	1.27379527690244	1.26271978054951	1.25364558428229	1.24623527347235	1.24022455165439	1.23539039991851	1.23152068030246	1.22841310506937	1.22589140934226	1.22381553072378	1.22208051910468	1.22060974273591	1.21934748152932	1.2182528898571	1.21729558228468	1.21645258394379	1.21570620673748	1.21504260232999	1.21264506000642	1.2112848223364	1.21059044176553	1.21036696821077	1.21049845303639	1.21091007590117	1.21155065701014	1.21238348738167	1.21338104913921	1.21452175087494	1.21578778263152	1.21716368384362	1.21863535436847	1.22018941841568	1.22181285626849	1.22349285966905	1.22521685196422	1.22697264068784	1.22874862831703	1.2305340396132	1.23231911812668	1.23409526412947	1.2358551022341	1.23759248198615	1.23930241810269	1.24098100102453	1.24262527286963	1.2442331010656	1.24580305128429	1.24733426869846	1.24882637129006	1.2502793568304	1.2516935236106	1.25306940407565
34	1.29197605667205	1.3031243582945	1.28728194684938	1.27377780628564	1.26268694996613	1.25359455267783	1.24616519180983	1.2401359759047	1.23528507207484	1.2314012687771	1.22828262104438	1.22575264303627	1.22367077327242	1.2219315368625	1.22045786023195	1.21919368478372	1.21809791277025	1.21713998584062	1.21629678861818	1.21555053936703	1.21488731813331	1.21249403398612	1.21114001283086	1.2104526851876	1.21023668114188	1.21037588024829	1.21079537653653	1.21144393728319	1.2122848089718	1.21329042613678	1.21443913963004	1.21571307823673	1.21709670045008	1.21857582570049	1.22013699478003	1.22176710951995	1.22345329475576	1.22518292384429	1.22694377513717	1.22872424370963	1.23051356732619	1.23230201952738	1.23408104298527	1.23584331227637	1.23758272925624	1.23929436383296	1.24097435386313	1.24261978769431	1.24422857296673	1.24579931018791	1.24733117420205	1.24882380793715	1.25027722993084	1.2516917556332	1.25306793159068
35	1.2919099617102	1.30309279057291	1.28727489422784	1.2737610299644	1.26265537091819	1.2535453721864	1.24609753541063	1.24005033762151	1.23518310733813	1.23128554826946	1.22815606943072	1.22561797664034	1.22353023687517	1.2217868564258	1.22031033306109	1.2190442769697	1.21794734619532	1.21698880485067	1.21614540784154	1.21539927909981	1.21473642842569	1.21234729104218	1.21099933697276	1.21031888968119	1.21011017549163	1.21025690269849	1.21068408101235	1.21134042535855	1.21218913806397	1.21320260652862	1.21435912625194	1.21564076074947	1.21703189412356	1.21851826560867	1.22008633488917	1.22172292792905	1.22341510529846	1.22515019285892	1.22691594187721	1.22870074154573	1.23049384346928	1.23228555132556	1.23406734971992	1.23583196224463	1.23757334260512	1.23928661200897	1.24096795667071	1.24261450889764	1.24422421519194	1.24579570968502	1.24732819583284	1.24882134060047	1.25027518252367	1.2516900535696	1.25306651385421
36	1.29184412206589	1.30306101685934	1.28726809619834	1.27374490179412	1.262624963096	1.25349792776944	1.24603215758412	1.23996746306602	1.23508431035177	1.23117330830444	1.22803322757525	1.22548718448064	1.22339368473638	1.22164623722341	1.22016691818506	1.21889901354065	1.21780094201089	1.21684179353708	1.2159981961594	1.21525218094745	1.21458968893238	1.21220459367502	1.21086256134399	1.21018883375397	1.20998723905215	1.21014131780147	1.21057599663946	1.21123993870002	1.21209630252587	1.2131174288292	1.21428155843933	1.21557069066567	1.21696913651705	1.21846255695882	1.22003733278059	1.22168021653448	1.22337820716766	1.22511858511726	1.2268890766424	1.22867806645345	1.2304748207476	1.23226967344085	1.23405415059806	1.23582102390642	1.23756429770081	1.23927914310958	1.24096179328554	1.24260942312195	1.24422001671132	1.24579224067033	1.24732532607224	1.24881896306715	1.25027320946949	1.25168841316256	1.25306514733416
37	1.29177853412207	1.30302903182974	1.28726153525245	1.27372937984092	1.26259565334057	1.25345211440497	1.24596892418634	1.23988719315312	1.23498850206054	1.23106435478057	1.22791388961185	1.22536005239885	1.22326089943895	1.22150945833871	1.22002739239883	1.21875766989039	1.21765847488394	1.21669872643268	1.21585492811105	1.21510901987643	1.21444687527656	1.2120657207694	1.21072947496514	1.21006231400721	1.20986767699554	1.21002893770185	1.21047094659106	1.2111423098439	1.21200614448692	1.21303474498435	1.21420629819117	1.21550274003914	1.21690831012762	1.21840859274588	1.21998989187702	1.22163888896681	1.22334252342928	1.22508803301873	1.22686312056778	1.22865616757124	1.23045645605095	1.23225434935597	1.23404141489565	1.23581047155801	1.23755557313758	1.23927193937074	1.24095584900294	1.24260451821506	1.24421596749105	1.24578889486107	1.24732255808086	1.24881666968547	1.25027130609282	1.25168683053894	1.25306382878347
38	1.29171319445529	1.30299684590638	1.28725519547429	1.2737144259035	1.26256737483701	1.25340783667772	1.24590771224586	1.23980938186134	1.23489551795527	1.23095850939514	1.22779786800024	1.2252363831093	1.22313168088505	1.22137631642332	1.21989155022681	1.21862003923917	1.21751973730556	1.21655939582628	1.21571539611116	1.21496958869393	1.21430778087121	1.21193047301893	1.21059988315001	1.20993914322287	1.20975131002524	1.20991959507545	1.21036876820909	1.21104738478598	1.21191851880885	1.21295441894113	1.21413321861195	1.21543679155574	1.21684930705972	1.21835627451956	1.2199439231422	1.22159886550845	1.22330798389208	1.22505847517431	1.22683802059715	1.22863499969009	1.23043870979648	1.23223954546121	1.23402911423768	1.23580028135255	1.23754714894252	1.23926498458501	1.24095011040872	1.24259978309245	1.24421205837941	1.24578566469555	1.24731988561431	1.24881445529502	1.25026946812453	1.25168530216219	1.25306255536796
39	1.29164808902789	1.30296445500911	1.28724906235859	1.27370000509011	1.26254006641726	1.25336500484072	1.24584840877168	1.23973389394436	1.23480520654694	1.23085560767705	1.22768498907311	1.22511599781844	1.22300584530979	1.22124662388057	1.21975920209107	1.21848593079272	1.21738453786163	1.21642361005541	1.2155794086051	1.21483369620667	1.21417221508304	1.21179866381027	1.2104736061168	1.20981914868983	1.20963797276701	1.20981313027773	1.21026931153099	1.21095502157922	1.21183329176284	1.21287632532039	1.21406220300593	1.21537273544675	1.21679202809189	1.21830551192922	1.21989934503301	1.22156007322581	1.22327452376933	1.22502985463587	1.22681372708045	1.22861451974645	1.23042154639793	1.23222523189765	1.23401722381594	1.23579043286609	1.23753900844192	1.23925826392724	1.2409445652344	1.24259520761722	1.24420828100751	1.2457825432875	1.24731730298758	1.24881231519836	1.25026769167829	1.25168382481203	1.25306132431528
40	1.29158322684285	1.30293189620503	1.28724312265351	1.27368608335562	1.26251367195482	1.25332353873132	1.24579090971498	1.2396606073582	1.23471742803509	1.23075549782789	1.22757509239514	1.22499873003437	1.22288322010802	1.22112020811498	1.2196301727104	1.2183551681341	1.21725269952525	1.21629119188656	1.21544678845635	1.21470116561148	1.21404000162749	1.21167012120221	1.2103504777429	1.20970217074122	1.20952751278819	1.20970939783659	1.21017243832933	1.21086508940074	1.2117503398343	1.21280034845621	1.21399314361384	1.21531047544778	1.21673638172352	1.21825622167259	1.21985608238779	1.22152244494907	1.22324208363161	1.22500211934672	1.22679019486132	1.22859468895895	1.23040493231508	1.23221138008052	1.23400571938792	1.23578090558003	1.23753113429423	1.23925176381059	1.24093920223829	1.242590782502	1.24420462770836	1.24577952428679	1.24731480495596	1.24881024506059	1.2502659731674	1.25168239551696	1.25306013319216
41	1.29151861214946	1.30289915456608	1.28723736422451	1.27367263561132	1.26248813983761	1.25328336365467	1.24573511968211	1.23958940676568	1.23463205314204	1.23065803938505	1.22746802945058	1.2248844255886	1.22276364860684	1.2209969063611	1.21950430031577	1.21822758780871	1.21712405827232	1.21616197709951	1.21531737153195	1.2145718330834	1.21391097716069	1.21154468651598	1.21023034412111	1.20958806188181	1.20941978742182	1.20960826192379	1.21007801952809	1.21077746602252	1.21166954877082	1.2127263813188	1.21392594079733	1.21524991773904	1.21668228341861	1.218208326821	1.21981406582919	1.22148591870676	1.22321060866646	1.22497522130894	1.22676738232243	1.22857547158435	1.23038883711829	1.23219796431024	1.23399457933376	1.23577168145327	1.23752351151891	1.23924547174459	1.24093401108649	1.24258649920981	1.24420109143468	1.24577660188343	1.24731238672213	1.24880824091726	1.25026430931188	1.25168101155947	1.25305897974397
42	1.29145423358893	1.30286626062869	1.28723177594537	1.27365963279063	1.26246342250694	1.25324441065047	1.24568094843443	1.23952018689933	1.23454896208895	1.23056310212177	1.22736366249132	1.22477294145336	1.22264698410479	1.22087657104041	1.21938143275649	1.21810303808901	1.21699846183757	1.21603581324129	1.21519100545753	1.21444554653302	1.21378499004019	1.21142221031233	1.21011306272842	1.2094766837497	1.20931466612885	1.20950959780884	1.20998593668789	1.21069203977859	1.21159081263143	1.21265432471565	1.21386050224758	1.21519097700308	1.21662965492026	1.21816175619249	1.21977323119351	1.2214504372119	1.22318004823003	1.22494911619537	1.22674525104235	1.22855683462137	1.23037323270635	1.23218496084054	1.23398378352903	1.23576274361002	1.23751612601008	1.23923937582405	1.24092898226862	1.24258234988478	1.24419766570178	1.24577377072535	1.24731004386665	1.2488062991159	1.2502626970895	1.25167967043511	1.25305786189182
43	1.29139008845079	1.30283321250239	1.2872263475727	1.27364705006473	1.2624394760533	1.25320661593117	1.24562831464707	1.23945284800389	1.23446803888074	1.23047056508187	1.22726186351958	1.22466414468619	1.22253308746431	1.2207590633325	1.21926143040503	1.21798137787206	1.2168757686137	1.21591255577998	1.21506754851794	1.21432216450926	1.21366189922994	1.21130255607689	1.20999849983637	1.20936790957029	1.20921202664002	1.20941328904062	1.20989607917548	1.2106087058263	1.21151403301998	1.21258408654716	1.21379674228455	1.21513357407888	1.21657842364886	1.21811644379897	1.21973351902737	1.22141594740957	1.22315035544311	1.22492376299285	1.22672376548656	1.22853874757105	1.23035809306899	1.23217234767425	1.23397331423455	1.23575407749264	1.23750896592805	1.23923346653978	1.24092410688009	1.2425783271483	1.24419434439843	1.24577102575046	1.24730777219433	1.24880441617659	1.25026113361016	1.25167836974013	1.25305677763297
44	1.29132617413018	1.30280001846928	1.28722106966293	1.27363486451384	1.26241625986059	1.25316992038653	1.24557714198679	1.23938729971144	1.23438918958808	1.23038031572136	1.22716251339425	1.2245579114952	1.22242183712994	1.22064425401981	1.21914416339548	1.21786247681207	1.21675584667765	1.21579207805881	1.21494686868367	1.21420155522759	1.21354157333476	1.21118559563254	1.20988653233294	1.20926162034655	1.20911175520816	1.20931922719727	1.20980834415282	1.21052736685991	1.21143911838701	1.21251558114741	1.21373458124005	1.21507763538736	1.21652852217029	1.21807232835786	1.21969487409792	1.22138239868972	1.22312148683304	1.22489912368773	1.22670289272803	1.22852118217105	1.23034339430282	1.23216010468952	1.23396315387095	1.23574566822017	1.2375020186868	1.23922773320562	1.24091937717014	1.24257442466588	1.24419112235532	1.24576836274349	1.24730556826827	1.248802589296	1.25025961658557	1.25167710760493	1.25305572543868
45	1.29126248811881	1.30276668647072	1.28721593350985	1.2736230554872	1.26239373629211	1.25313426914549	1.24552735949546	1.2393234570728	1.23431231326814	1.23029224914889	1.22706550102837	1.22445412644262	1.22231311193908	1.22053202261466	1.21902951008826	1.21774620948546	1.21663857414149	1.2156742541216	1.21482884274606	1.21408359668794	1.21342388973317	1.21107120937777	1.20977704469226	1.20915770511071	1.20901374573181	1.20922731115301	1.20972263555912	1.21044793216877	1.21136598341021	1.21244872870092	1.21367394491131	1.21502309242221	1.21647988599428	1.2180293528554	1.21965724520526	1.22134974813889	1.22309340201584	1.22487516298319	1.22668260223325	1.22850411224462	1.23032911400566	1.23214821291484	1.23395328670776	1.2357375026889	1.23749527342259	1.23922216686228	1.24091478532863	1.24257063592906	1.24418799414822	1.24576577718112	1.2473034283127	1.24880081531817	1.25025814337358	1.25167588181317	1.2530547034454
46	1.29119902799708	1.30273322411704	1.28721093105906	1.27361160186785	1.26237187041265	1.25309961118763	1.24547890110437	1.23926124090431	1.23423732008438	1.23020626744986	1.22697072268053	1.22435268169367	1.22220680122666	1.22042225678948	1.21891735498113	1.21763246319415	1.21652383285681	1.21555896972279	1.2147133555471	1.21396817173106	1.21330873495535	1.21095928553639	1.20966992689527	1.20905606022225	1.20891789908447	1.20913744648809	1.20963886376255	1.21037031748783	1.21129454877942	1.21238345496556	1.21361476425659	1.21496988140616	1.21643246006065	1.21798746418118	1.21962058446933	1.22131795171237	1.22306606341709	1.22485184805618	1.22666286558504	1.22848751341586	1.23031523148608	1.23213665489286	1.23394369811379	1.23572956870068	1.23748872000968	1.23921675913216	1.24091032444089	1.2425669552397	1.2441849550856	1.24576326520183	1.24730134914873	1.2487990916248	1.25025671181589	1.25167469058409	1.2530537101824
47	1.29113579142708	1.30269963869768	1.28720605484825	1.27360048662673	1.26235062974185	1.25306589899766	1.2454317052015	1.23920057728287	1.23416412609856	1.23012227908344	1.22687808132242	1.22425347636364	1.22210280144085	1.22031485048091	1.21880759279351	1.21752113057269	1.21641151742907	1.21544611477219	1.214600299602	1.21385517404818	1.2131959991401	1.21084971948734	1.20956508204068	1.20895658869187	1.20882412251586	1.2090495451711	1.20955694522459	1.2102944425494	1.21122473919537	1.21231968972357	1.21355697414666	1.21491794234384	1.21638618803378	1.21794661275209	1.21958484731865	1.2212869696536	1.22303943601665	1.22482914832606	1.22664365634093	1.22847136302453	1.23030172748625	1.23212541437692	1.2339343744686	1.23572185489584	1.23748234901254	1.23921150220188	1.24090598805056	1.24256337726961	1.24418200077283	1.24576082318083	1.24729932778499	1.24879741574497	1.25025531986892	1.25167353222487	1.25305274424495
48	1.29107277614629	1.30266593719187	1.28720129795269	1.27358969270123	1.26232998403611	1.25303308825748	1.24538571424523	1.23914139709484	1.23409265343598	1.23004019834329	1.22678748607301	1.22415641593367	1.22200101554614	1.22020970549361	1.21870012354169	1.21741211093673	1.21630152664452	1.21533558961597	1.21448957315559	1.2137445027637	1.21308558262332	1.21074241316475	1.20946241340791	1.20885919962371	1.20873232934016	1.20896352358348	1.20947680068602	1.21022023389822	1.21115648552529	1.21225736823653	1.21350051432918	1.21486721974665	1.21634101884263	1.21790675223381	1.21954999209689	1.22125676493619	1.22301348549674	1.22480703526577	1.22662494984123	1.22845563994581	1.23028858405795	1.23211447622815	1.23392530308173	1.23571435069017	1.23747615163873	1.23920638878903	1.24090177013805	1.24255989704905	1.24417912710898	1.24575844773373	1.24729736142674	1.24879578536847	1.25025396562043	1.25167240515028	1.25305180431663
49	1.29100997996356	1.30263212627964	1.28719665393645	1.27357920418241	1.26230990508618	1.25300113757089	1.24534087441848	1.23908363563194	1.23402282695135	1.22995994487389	1.22669885169102	1.2240614117265	1.22190135248772	1.22010672909957	1.21859485337753	1.21730530982553	1.21619376561088	1.21522729898445	1.21438108177214	1.213636063186	1.21297739237003	1.21063727451976	1.20936183214037	1.20876380771471	1.20864243747132	1.20887930461229	1.20939835697566	1.2101476219436	1.21108972237996	1.21219642940317	1.21344532819405	1.21481766122677	1.21629690466739	1.21786783926036	1.21951597984511	1.22122730288452	1.22298818455155	1.22478548222208	1.22660672305561	1.22844032445814	1.23027578445077	1.23210382632182	1.23391647211532	1.23570704621201	1.23747011968852	1.23920141210236	1.24089766508982	1.24255650994332	1.24417633026925	1.2457561357038	1.24729544746705	1.24879419834034	1.2502526472868	1.2516713078818	1.25305088916976
50	1.29094740074818	1.30259820270014	1.28719211680887	1.2735690063775	1.26229036655327	1.25297000821699	1.24529713531839	1.23902722434242	1.23395457854981	1.22988144323604	1.22661209811868	1.22396838043521	1.22180372670982	1.22000583417264	1.21849169420134	1.21720063851934	1.2160881452629	1.21512115428424	1.21427473629029	1.21352976611558	1.21287133880985	1.21053421703574	1.2092632547282	1.2086703328046	1.20855437063077	1.2087968152834	1.20932154488752	1.21007654134509	1.21102438837116	1.21213681588076	1.2133913625588	1.21476921774811	1.2162538006697	1.21782983318596	1.21948277405697	1.221198551027	1.22296350297054	1.22476446425774	1.22658895444541	1.22842539812441	1.23026331301061	1.2320934514616	1.23390787051231	1.23569993224272	1.2374642455057	1.23919656580151	1.2408936676654	1.242553211626	1.24417360668346	1.24575388414449	1.24729358347261	1.24879265264915	1.25025136320318	1.25167023903933	1.25304999765833
51	1.29088503643427	1.30256419149924	1.28718768098569	1.2735590855658	1.26227133570863	1.25293966392878	1.24525444967739	1.23897212175729	1.23388784333271	1.22980462251541	1.22652715007074	1.22387724369848	1.22170805772156	1.21990693876028	1.21839056311565	1.21709801352893	1.21598458171567	1.2150170712133	1.21417045279858	1.21342552823987	1.21276733842968	1.21043315929296	1.20916660258716	1.20857869952025	1.20846805672426	1.20871598696014	1.2092462993428	1.21000693067342	1.21096042579964	1.21207847381759	1.21333856715984	1.21472184328736	1.21621166472009	1.21779269412832	1.2194503404865	1.22117047891562	1.22293941395022	1.22474395800969	1.22657162383989	1.228410843685	1.23025115508811	1.23208333930182	1.23389948793104	1.23569300016182	1.2374585219321	1.2391918439593	1.24088977296627	1.24254999805318	1.24417095301463	1.24575169030176	1.24729176716908	1.24879114641479	1.25025011181335	1.25166919733276	1.25304912871105
52	1.29082288501088	1.30253008924198	1.28718334123562	1.27354942891723	1.26225280535578	1.25291007069394	1.24521277311186	1.23891826674715	1.23382256024736	1.22972941596919	1.22644393666323	1.22378792771701	1.22161426970487	1.21980996301053	1.21829138202192	1.21699735619167	1.21588299614972	1.21491497067913	1.21406815217791	1.21332327035878	1.21266531253697	1.21033402457464	1.20907180167809	1.20848883668826	1.20838342784692	1.20863675500592	1.20917255906773	1.20993873210325	1.2108977803866	1.21202135255585	1.21328689514716	1.21467549446622	1.21617045735082	1.21775638967755	1.21941864691826	1.22114305788412	1.22291589216994	1.22472394156143	1.22655471232476	1.22839664496144	1.23023929695617	1.23207347827744	1.23389131468617	1.23568624189761	1.23745294226625	1.23918724102737	1.24088597640739	1.24254686543997	1.24416836613961	1.24574955159806	1.24728999642783	1.24878967787758	1.25024889166071	1.25166818155452	1.25304828132505
53	1.29076094451983	1.30249590152313	1.28717909273654	1.27354002442209	1.26223474608396	1.25288119657519	1.24517206389535	1.23886560894058	1.23375867181915	1.22965576070665	1.22636239107776	1.22370036290644	1.22152229115958	1.21971483940072	1.21819407725583	1.21689859230605	1.21578331397303	1.21481477806995	1.21396776088374	1.21322291906316	1.21256518689495	1.21023674051043	1.20897878216254	1.20840067737338	1.20830041996457	1.20855905847903	1.20910026630226	1.20987189113498	1.21083640099432	1.21196540421241	1.21323630223878	1.21463013054954	1.21613014122175	1.21772088446478	1.21938766323655	1.22111626126144	1.2228929144152	1.22470439418925	1.22653820192123	1.22838278638929	1.23022772573561	1.2320638575409	1.23388334169538	1.23567964988242	1.23744750022615	1.23918275180527	1.24088227369156	1.24254381023926	1.24416584313154	1.24574746561783	1.24728826925399	1.24878824538835	1.25024770138009	1.25166719057279	1.25304745456034
54	1.29069921305244	1.30246161786914	1.28717493088736	1.27353086082504	1.26221713581881	1.25285301154799	1.24513228275346	1.23881410088096	1.23369612385908	1.22958359739946	1.22628245025712	1.22361448358265	1.22143205458168	1.21962149656756	1.21809857925642	1.21680165179194	1.21568546483195	1.21471642292188	1.21386920610382	1.21312440164367	1.21246689244648	1.21014123875354	1.20888747809046	1.20831415829757	1.20821897262466	1.20848283985596	1.20902936653619	1.20980635635171	1.21077623928186	1.21191058384519	1.21318674667977	1.21458571311287	1.21609068126709	1.21768614666139	1.21935736084825	1.22109006361306	1.22287045814991	1.22468529688848	1.22652207647099	1.22836925461425	1.23021642896003	1.2320544669051	1.23387556043139	1.23567321701242	1.23744218991572	1.23917837141256	1.24087866078633	1.24254082912263	1.24416338124406	1.24574543009452	1.24728658377569	1.24878684739962	1.25024653969044	1.25166622332541	1.25304664753478
55	1.29063768874655	1.30242727452642	1.28717085142103	1.27352192756434	1.26219995900385	1.25282548387179	1.24509339267816	1.23876369780812	1.23363486521985	1.22951287064543	1.2262040546288	1.22353022767588	1.22134349617089	1.21952986953257	1.21800482226659	1.21670646842466	1.21558938221387	1.21461983879974	1.21377242026679	1.21302765306386	1.21237036049209	1.21004745468736	1.20879782711636	1.20822921964863	1.20813902869378	1.20840804478018	1.2089598082695	1.20974207918931	1.21071724973013	1.21185684893068	1.21313818905645	1.21454220589295	1.216052044394	1.2176521463364	1.21932771293174	1.22106444112101	1.22284850245269	1.22466663117233	1.22650631991055	1.2283560356215	1.23020539614033	1.23204529647065	1.23386796243047	1.23566693661123	1.23743700579448	1.23917409526367	1.24087513390316	1.24253791896314	1.24416097789714	1.24574344289884	1.24728493823441	1.24878548245753	1.25024540538819	1.25166527881446	1.25304585941948
56	1.29057636978385	1.30239286107964	1.28716685033081	1.27351321471753	1.26218319593067	1.25279859381557	1.24505535522965	1.23871435746009	1.233574847574	1.22944352602937	1.2261271478535	1.22344753647055	1.22125655556457	1.21943989681141	1.21791274406034	1.21661297950247	1.21549500317218	1.21452496223657	1.21367734534834	1.21293261036006	1.21227552972812	1.20995532715839	1.20870977024413	1.20814580483134	1.20806053411875	1.20833462183372	1.20889154308169	1.20967901369416	1.21065938924911	1.21180415927833	1.21309059212769	1.21449957463408	1.21601419934557	1.21761885522116	1.2192986941585	1.22103937131479	1.22282702759203	1.22464837990252	1.22649091745796	1.22834311678993	1.23019461598224	1.23203633800309	1.2338605412391	1.23566080206305	1.23743194223237	1.23916991904504	1.24087168947853	1.24253507681972	1.24415863066413	1.24574150202807	1.24728333097618	1.24878414919463	1.25024429734124	1.2516643561012	1.25304508943471
57	1.29051525438742	1.3023583822095	1.2871629238514	1.27350471295233	1.26216682968769	1.25277231352526	1.24501814506746	1.23866603989242	1.23351602521195	1.22937551429813	1.22605167659582	1.22336635436809	1.22117117559514	1.21935152016767	1.21782228569366	1.2165211256396	1.21540226811878	1.21443173375205	1.21358391900251	1.21283921391245	1.21218234070212	1.20986479885862	1.20862325157729	1.2080638602405	1.20798343770898	1.20826252232894	1.20882452419393	1.20961711640955	1.21060261706109	1.21175247686379	1.21304392066919	1.21445778694334	1.21597711657614	1.21758624660236	1.21927028060258	1.22101483297579	1.22280601494008	1.2246305268777	1.22647585516193	1.22833048621407	1.23018407841048	1.23202758249021	1.23385328902958	1.23565480826962	1.23742699534568	1.23916583842278	1.24086832384261	1.24253229957011	1.24415633726015	1.24573960559651	1.24728176044358	1.24878284632328	1.25024321448354	1.25166345430164	1.25304433684614
58	1.29045434081945	1.30232384239275	1.28715906844211	1.27349641348202	1.26215084432869	1.25274661778961	1.24498172609114	1.23861870731361	1.2334583548576	1.22930878795728	1.22597759031499	1.22328662867038	1.22108730206843	1.21926468438779	1.21773339127956	1.21643085052555	1.21531112040757	1.21434009670383	1.21349208459873	1.21274740718493	1.21209073703717	1.20977581334661	1.20853821812783	1.20798333505373	1.2079076909376	1.20819170011852	1.2087587081832	1.20955634614291	1.21054689453861	1.21170176567668	1.21299814133049	1.21441681216221	1.21594076812937	1.21755429521216	1.21924244788923	1.22099080604702	1.22278544689003	1.22461305679499	1.2264611198482	1.22831813265316	1.2301737739121	1.23201902193976	1.23384619913001	1.23564894910191	1.23742215981673	1.23916185024112	1.24086503461255	1.24252958548204	1.24415409533543	1.24573775161804	1.24728022494992	1.24878157240316	1.25024215557727	1.25166257234391	1.25304360071706
59	1.29039362242045	1.30228924591142	1.28715528076991	1.27348830802496	1.26213521979561	1.25272148504831	1.24494606960438	1.23857232393488	1.23340179549991	1.22924330197612	1.2259048416728	1.22320830938162	1.22100488356108	1.21917933707535	1.21764600777656	1.21634210071601	1.21522150643021	1.2142499973298	1.21340178838557	1.21265713651575	1.212000665223	1.2096883194487	1.20845461960077	1.20790418104189	1.20783324775969	1.20812211149825	1.20869405389249	1.20949666382829	1.21049218505636	1.21165199158105	1.21295322250651	1.21437662124416	1.21590512752712	1.21752297712696	1.21921517809453	1.22096727155121	1.22276530678986	1.22459595518614	1.22644669906453	1.22830604548447	1.23016369349762	1.23201064879837	1.23383926523248	1.23564321931929	1.23741743131038	1.23915795042518	1.24086181826791	1.24252693148743	1.24415190335188	1.24573593894326	1.24727872366526	1.24878032686658	1.25024112027056	1.25166171005522	1.2530428810258
60	1.29033310731156	1.30225459686156	1.28715155769405	1.27348038876763	1.26211995190769	1.25269689409653	1.24491114796408	1.23852685583259	1.23334630823864	1.22917901362101	1.2258333837461	1.22313134902688	1.22092387123473	1.2190954284625	1.21756008480111	1.21625482544612	1.21513337520056	1.21416138455579	1.21331297929845	1.21256835092547	1.21191207442444	1.20960226540944	1.20837240821935	1.2078263502183	1.20776006444579	1.20805371471595	1.20863052177379	1.2094380323828	1.21043845385544	1.21160312218841	1.21290913421754	1.21433718664431	1.21587016966816	1.21749226967473	1.21918844919679	1.22094421151683	1.22274557887571	1.22457920835919	1.22643258103015	1.22829421466026	1.23015382866515	1.23200245592208	1.2338324813697	1.2356376139619	1.23741280572049	1.23915413558636	1.24085867201902	1.24252433529412	1.2441497590415	1.24573416561366	1.24727725488486	1.24877910821658	1.2502401072359	1.25166086624525	1.25304217669143
61	1.2902727890317	1.30221989916175	1.28714789625208	1.27347264833103	1.26210502206489	1.2526728248549	1.24487693448876	1.23848227082227	1.23329185614306	1.22911587766245	1.22576317417516	1.22305570303681	1.22084421940336	1.21901291153657	1.21747557445196	1.21616897643388	1.21504667824047	1.21407420981891	1.2132256087832	1.21248100194083	1.21182491630571	1.20951760846246	1.20829153855941	1.20774980336106	1.20768809942916	1.2079864703385	1.20856807442925	1.20938041657485	1.21038566791912	1.21155512674078	1.21286584800034	1.21429848221857	1.21583587073504	1.21746215135032	1.21916224196172	1.22092160890931	1.22272624821087	1.22456280334495	1.22641875458952	1.22828263066834	1.23014417136721	1.23199443654909	1.23382584189301	1.23563212833337	1.23740827915712	1.23915040251189	1.24085559321805	1.24252179472303	1.24414766061275	1.24573243015726	1.24727581739988	1.2487779154608	1.25023911565921	1.25166004024679	1.25304148716797
62	1.29021266598082	1.30218515656114	1.28714429364703	1.27346507973995	1.26209040945727	1.25264925829303	1.24484340406238	1.23843853834309	1.23323840412226	1.22905386468325	1.22569417181772	1.22298132716426	1.22076588210092	1.21893174060078	1.21739243195327	1.2160845077529	1.21496136941765	1.21398842690534	1.21313963063377	1.21239504343272	1.21173914486884	1.20943430160374	1.20821196739718	1.20767449688439	1.20761731318327	1.2079203408564	1.20850667629127	1.20932378290319	1.2103337958587	1.2115079760034	1.21282333680818	1.21426048313091	1.215802208109	1.21743260173746	1.2191365381353	1.22089944756793	1.22270730062984	1.22454672784796	1.22640520916983	1.2282712844957	1.23013471398003	1.23198658427429	1.23381934145169	1.23562675798439	1.23740384793383	1.23914674815556	1.2408525793525	1.24251930770429	1.2441456063615	1.24573073117131	1.24727441005551	1.24877674764835	1.25023814475924	1.25165923141495	1.25304081192257
63	1.29015273658927	1.30215037264728	1.2871407472357	1.27345767639486	1.2620761181661	1.2526261763593	1.2448105328438	1.23839562575379	1.23318591880565	1.22899293344302	1.22562633751901	1.22290818141108	1.22068881846881	1.21885187321678	1.2173106120918	1.21600137565814	1.21487740479647	1.21390399180087	1.21305500084296	1.21231043146713	1.21165471630494	1.20935230212192	1.20813365356927	1.2076003913318	1.20754766801484	1.20785529044	1.20844629350524	1.20926809948576	1.21028280780855	1.21146164216634	1.21278157491897	1.21422316576824	1.2157691602915	1.2174036014374	1.21911132037913	1.22087771214792	1.22268872268698	1.22453097020149	1.22639193474197	1.22826016759507	1.23012544927536	1.23197889302566	1.23381297497355	1.23562149869709	1.23739950855536	1.23914316962826	1.24084962803835	1.24251687227264	1.24414359466827	1.24572906732258	1.24727303175211	1.24877560387122	1.25023719377909	1.25165843912662	1.25304015044299
64	1.29009299931649	1.3021155508534	1.28713725451799	1.27345043204618	1.2620621288142	1.25260356191622	1.24477829816457	1.23835351256064	1.23313436843291	1.22893304898622	1.22555963398607	1.22283622682258	1.22061298841021	1.21877326849285	1.21723007410054	1.21591953845612	1.21479474250044	1.2138208625533	1.21297167746475	1.21222712416769	1.21157158885707	1.20927156935002	1.20805655784352	1.20752744936876	1.20747912806603	1.20779128500049	1.20838689382136	1.20921333595721	1.21023267532946	1.21141609875383	1.21274053785073	1.21418650766207	1.21573670683224	1.21737513200307	1.21908657221092	1.22085638806727	1.22267050160934	1.22451551932614	1.22637892178463	1.22824927185417	1.2301163703943	1.23197135704245	1.23380673764691	1.23561634647029	1.23739525770582	1.23913966418872	1.2408467370137	1.24251448656268	1.24414162399498	1.24572743733816	1.24727168144008	1.24877448326395	1.25023626201134	1.25165766279504	1.25303950224127
65	1.29003345264977	1.30208069446563	1.28713381312703	1.27344334077065	1.26204843054951	1.25258139868112	1.24474667847264	1.23831216893769	1.23308372275354	1.22887417800377	1.22549402567169	1.2227654262637	1.22053835359984	1.21869588746882	1.21715077952971	1.21583895637847	1.2147133425853	1.21373899914531	1.21288962048732	1.21214508158888	1.21148972269375	1.20919206444831	1.20798064279993	1.2074556344496	1.2074116591411	1.207728292035	1.208328446495	1.20915946337444	1.21018337131962	1.21137132088989	1.21270020228363	1.21415048741629	1.21570482826268	1.21734717587857	1.21906227794985	1.22083545970185	1.22265262525325	1.22450036469178	1.22636616125128	1.22823858956731	1.23010747082326	1.23196397085492	1.23380062490372	1.23561129750571	1.23739109223772	1.23913622923472	1.24084390412825	1.2425121488007	1.24413969287899	1.24572584001609	1.24727035812666	1.24877338500516	1.25023534877285	1.25165690185354	1.25303886684653
66	1.28997409510307	1.30204580662962	1.28713042082024	1.27343639694969	1.26203501306527	1.25255967117136	1.24471565325437	1.23827156983784	1.23303395293297	1.22881628873018	1.2254294786702	1.22269574431595	1.22046487767427	1.21861969296038	1.21707268749438	1.21575959146499	1.21463316692176	1.21365836337708	1.21280879171561	1.2120642655988	1.21140907979202	1.20911375036662	1.20790587309212	1.20738491287525	1.20734522857924	1.20766628089481	1.20827092256143	1.20910645445837	1.21013487019882	1.21132728374287	1.21266054598809	1.21411508464053	1.21567350603481	1.21731971634327	1.21903842266601	1.22081491735036	1.22263508206427	1.22448549628245	1.22635364453969	1.22822811340926	1.23009874437168	1.23195672926561	1.23379463240403	1.23560634819507	1.23738700916024	1.23913286255113	1.24084112734279	1.24250985730457	1.24413779993273	1.24572427420964	1.24726906086462	1.2487723083115	1.25023445341488	1.25165615576396	1.25303824381154
67	1.28991492521593	1.30201087819662	1.28712707547101	1.27342959524937	1.26202186656496	1.2525383646539	1.24468520296994	1.23823169138407	1.23298503146622	1.22875935084999	1.22536596060868	1.22262714713046	1.22039252571745	1.21854464945275	1.21699576723578	1.21568140745556	1.21455417908699	1.21357891875763	1.21272915466281	1.21198463977076	1.21132962382928	1.20903659232178	1.20783221367022	1.20731525185721	1.20727980550303	1.20760522113141	1.20821429316715	1.20905428208259	1.21008714666905	1.21128396480974	1.21262154795684	1.21408027988861	1.21564272246458	1.21729273746029	1.21901499213387	1.22079474669729	1.22261786104031	1.224470904564	1.22634136346391	1.22821783641112	1.23009018515154	1.23194962733202	1.23378875602122	1.23560149510783	1.23738300563145	1.2391295612754	1.24083840471706	1.24250761047356	1.24413594383566	1.24572273882913	1.24726778875374	1.24877125243847	1.25023357532082	1.25165542401478	1.25303763271121
68	1.28985594155251	1.30197593596305	1.28712377506114	1.27342293060215	1.26200898173004	1.25251746509869	1.24465530899366	1.2381925107985	1.23293693209808	1.22870333541347	1.22530344056331	1.22255960239362	1.22032126444551	1.21847072359853	1.2169199817796	1.21560436968996	1.21447634426409	1.21350063040422	1.21265067444972	1.21190616928286	1.21125132008312	1.20896055502618	1.20775963257085	1.20724661807648	1.20721535937394	1.20754508494341	1.20815853207348	1.20900292155267	1.21004017758888	1.21124134217518	1.21258318750201	1.21404605460163	1.2156124606796	1.21726622402881	1.21899197278923	1.22077493575814	1.22260095169751	1.22445658045423	1.22632931022825	1.22820775176525	1.23008178728893	1.23194265994686	1.23378299182911	1.23559673498053	1.23737907894721	1.23912632342752	1.2408357344056	1.2425054067852	1.24413412333185	1.24572123283766	1.24726654093779	1.24877021667796	1.25023271390419	1.25165470611946	1.25303703314116
69	1.28979714270062	1.30194097093209	1.28712051767383	1.27341639818987	1.26199634969011	1.25249695913557	1.24462595355868	1.23815400633676	1.23288962974912	1.2286482147546	1.22524188897611	1.22249307920804	1.2202510620306	1.21839788151863	1.21684529823932	1.21552844501498	1.21439962914895	1.21342346494905	1.21257331771147	1.21182882082484	1.21117413533843	1.20888560704294	1.20768809856497	1.20717898598711	1.20715186222385	1.20748584526754	1.20810361369404	1.2089523487958	1.20999394039976	1.2111993948989	1.21254544553903	1.21401239113995	1.21558270457068	1.21724016153994	1.21896935168934	1.22075547310111	1.22258434403875	1.22444251529522	1.22631747734084	1.22819785355633	1.23007354607838	1.23193582358937	1.23377733574861	1.23559206427153	1.23737522653328	1.23912314687956	1.24083311465179	1.24250324479036	1.24413233722588	1.24571975524881	1.24726531660179	1.24876920035592	1.2502318686067	1.25165400161483	1.25303644471644
70	1.28973852727084	1.30190598574907	1.28711730148721	1.27340999342817	1.26198396199536	1.25247683401445	1.24459711970592	1.23811615722716	1.23284310044709	1.22859396241658	1.22518127757203	1.22242754801106	1.22018188801535	1.21832609303374	1.21677168607322	1.21545360169818	1.21432400186367	1.21334739045256	1.21249705251096	1.21175255993056	1.21109803780119	1.20881171736956	1.20761758177902	1.20711232441375	1.20708928670667	1.20742747621004	1.20804951355215	1.20890254078989	1.20994841356752	1.2111581029591	1.21250830432003	1.21397927237719	1.21555343876174	1.21721453613581	1.21894711647606	1.22073634781419	1.22256802852442	1.22442870080854	1.22630585786451	1.22818813550699	1.23006545604134	1.2319291133824	1.23377178503081	1.23558748105967	1.23737144561699	1.23912002923045	1.24083054378243	1.24250112310876	1.24413058437912	1.24571830512283	1.24726411496944	1.24876820283031	1.25023103889656	1.25165331005966	1.25303586707032
71	1.28968009389573	1.30187098294816	1.28711412476839	1.27340371195195	1.26197181059104	1.25245707756827	1.24456879123654	1.23807894361415	1.23279732126324	1.22854055308282	1.22512157928599	1.2223629804991	1.22011371323532	1.21825532837141	1.21669911292293	1.21537980934777	1.21424943187615	1.213272376323	1.21242184825834	1.21167736119166	1.21102299701829	1.20873885631659	1.20754805359334	1.20704660631387	1.20702760670905	1.20736995298029	1.20799620821773	1.2088534755012	1.20990357648519	1.21111744719987	1.2124717438172	1.21394668221859	1.21552464851611	1.21718933453244	1.21892525534159	1.22071754947458	1.22255199604068	1.22441512915605	1.22629444494549	1.22817859186819	1.23005751232547	1.23192252527219	1.23376633575713	1.23558298185491	1.23736773463289	1.23911696945147	1.24082801995753	1.24249904015722	1.24412886342065	1.24571688126454	1.24726293530078	1.24876722348912	1.25023022426684	1.25165263103336	1.2530352998532
72	1.28962184122905	1.30183596495737	1.287110971654	1.27339754960216	1.2619598877939	1.25243767817869	1.24454095266798	1.23804234723032	1.23275227025307	1.22848796251262	1.22506276819503	1.22229934955725	1.22004650974687	1.2181855590057	1.21662755129443	1.21530703966186	1.21417588992527	1.21319839324143	1.21234767563614	1.21160319278741	1.21094898380301	1.20866699543405	1.20747948659834	1.20698180544105	1.20696679721115	1.20731325182904	1.20794367573578	1.20880513181703	1.20985940942073	1.2110774092823	1.21243574958304	1.21391460516568	1.2154963197564	1.21716454417062	1.21890375693301	1.22069906811974	1.22253623789516	1.22440179277759	1.22628323212753	1.22816921715549	1.23004971030609	1.23191605538559	1.23376098470294	1.23557856398602	1.23736409084774	1.23911396510923	1.24082554225379	1.24249699533555	1.24412717401667	1.2457154835578	1.24726177672784	1.24876626158624	1.25022942407278	1.25165196397506	1.25303474257274
73	1.28956376193463	1.3018009341034	1.28710786840485	1.27339150241325	1.26194818627016	1.25241862474434	1.24451358919297	1.23800634831365	1.23270792640136	1.22843616748143	1.2250048194551	1.22223662919114	1.21998025076108	1.21811675758865	1.21655697345704	1.215235262723	1.21410334874525	1.21312541408707	1.21227450652955	1.2115300266482	1.21087597016566	1.2085961074428	1.20741185451707	1.20691789659645	1.20690683422644	1.20725734999094	1.20789189181414	1.20875748951734	1.20981589346842	1.21103797163897	1.21240030453626	1.21388302637764	1.21546843901391	1.21714015284215	1.21888261064153	1.22068089422344	1.22252074575879	1.22438868447513	1.22627221324276	1.22816000612797	1.23004204556378	1.23190970002068	1.23375572878487	1.23557422489693	1.23736051215085	1.23911101446631	1.24082310882155	1.24249498700856	1.24412551470798	1.2457141106882	1.24726063898407	1.24876531697474	1.25022863826326	1.25165130891151	1.25303419532138
74	1.28950586660055	1.30176589261617	1.28710479988928	1.2733855666018	1.26193669901527	1.25239990665115	1.24448668664151	1.23797093033859	1.2326642659977	1.22838514572508	1.2249477092422	1.22217479447694	1.21991491057563	1.21804889788601	1.21648735281037	1.215164453024	1.21403177946441	1.21305340962633	1.21220231512031	1.21145783584003	1.21080392927405	1.20852616617067	1.20734513213798	1.20685485563661	1.20684769474549	1.2072022256309	1.20784083992424	1.20871052921389	1.20977301050348	1.21099911743149	1.21236539314276	1.21385193163532	1.21544099338568	1.21711614894642	1.21886180593688	1.22066301866703	1.22250550989641	1.22437579736472	1.22626138239299	1.22815095377454	1.2300345138731	1.23190345563766	1.23375056505379	1.23556996214169	1.23735699652084	1.23910811585688	1.24082071829096	1.24249301405168	1.24412388457258	1.24571276190071	1.24725952114243	1.24876438883358	1.25022786610511	1.25165066518165	1.25303365749567
75	1.28944814805547	1.30173084263316	1.28710176467901	1.27337973542732	1.26192541933493	1.2523815061181	1.24446023144541	1.23793607662285	1.23262127682445	1.22833487588791	1.22489141469748	1.22211382148617	1.21985046452737	1.21798195471886	1.21641866382365	1.21509458480837	1.2139611576371	1.21298235534018	1.21213107295926	1.21138659450394	1.2107328352814	1.20845714649277	1.20727929525651	1.20679265938754	1.20678935668367	1.20714785779413	1.20779049683959	1.20866423230532	1.20973074313988	1.210960830511	1.21233100050772	1.21382130730763	1.215413970498	1.21709252137486	1.21884133298047	1.22064543271996	1.22249052622342	1.22436312485819	1.22625073393472	1.22814205530126	1.23002711119202	1.23189731885029	1.23374549068802	1.23556577337918	1.2373535420219	1.23910526768434	1.24081836934757	1.24249107538406	1.24412228272249	1.24571143646618	1.24725842260445	1.24876347667175	1.25022710719585	1.25165003245588	1.25303312882623
76	1.28939060503121	1.30169578620284	1.28709876141089	1.27337401165403	1.2619143408275	1.25236342847562	1.24443421060524	1.23790177117201	1.23257893684329	1.22828533747419	1.2248359138759	1.2220536872459	1.21978688892675	1.21791590390557	1.21635088199361	1.21502563335924	1.21389145823254	1.21291222625345	1.21206075659717	1.21131627885135	1.21066266345789	1.20838902427633	1.20721432063391	1.20673128559186	1.20673179883219	1.20709422635943	1.20774084680605	1.20861858093525	1.20968907469084	1.2109230953812	1.21229711234124	1.21379114031992	1.21538735850619	1.21706925946595	1.21882118228187	1.22062812801747	1.222475785678	1.2243506606468	1.22624026246502	1.22813330611939	1.23001983365193	1.2318912864177	1.23374050298677	1.23556165636818	1.2373501468001	1.2391024684187	1.24081606073076	1.24248916996803	1.2441207083039	1.2457101336822	1.24725734279215	1.2487625800136	1.25022636114387	1.25164941041183	1.25303260904777
77	1.28933323627757	1.30166072529205	1.28709578878326	1.27336838889763	1.26190345736766	1.25234565698725	1.24440861165949	1.23786799864268	1.23253722717346	1.22823651080285	1.22478118569841	1.22199436968522	1.21972416101232	1.2178507222038	1.21628398373782	1.21495757484479	1.2138226573541	1.21284299845002	1.21199134211523	1.21124686185584	1.21059338999474	1.20832177632672	1.20715018591331	1.20667071286108	1.20667500081237	1.20704131199555	1.20769186995173	1.20857355795315	1.20964798913202	1.21088589716385	1.21226371492635	1.21376141812214	1.21536114602042	1.21704635299381	1.21880134474051	1.22061109654073	1.22246128126438	1.22433839868597	1.22622996280842	1.22812470183417	1.23001267754829	1.23188535523664	1.23373559936391	1.23555760896229	1.23734680907955	1.23909971659385	1.24081379123184	1.24248729680789	1.24411916049677	1.24570885287323	1.24725628114876	1.24876169839989	1.25022562757012	1.25164879873637	1.25303209790144
78	1.28927604056183	1.30162566178339	1.28709283649762	1.27336286400374	1.2618927630911	1.25232818273098	1.24438342265585	1.23783474430815	1.23249613294547	1.22818837696514	1.224727209907	1.22193584758866	1.21966225890187	1.21778638727486	1.21621794640938	1.2148903864283	1.21375473205371	1.21277464893218	1.21192280651308	1.2111783237036	1.21052499199702	1.20825538034158	1.20708686961913	1.20661092063093	1.20661894303291	1.20698909612044	1.20764354873271	1.20852914687773	1.20960747106701	1.21084922156652	1.2122307950894	1.21373212867223	1.21533532211677	1.21702379214457	1.21878181162495	1.22059433059829	1.22244700627429	1.22432633318102	1.22621983000457	1.22811623823438	1.23000563933179	1.23187952233421	1.233730777342	1.23555362910523	1.23734352715866	1.23909701080467	1.24081155969202	1.24248545494858	1.24411763851399	1.2457075933903	1.24725523713883	1.24876083138839	1.25022490610892	1.25164819712672	1.25303159513626
79	1.28921901666827	1.30159059748386	1.28708992124162	1.27335743395375	1.26188225238027	1.25231099715193	1.24435863212424	1.2378019940262	1.23245562919616	1.22814091778487	1.22467396702285	1.22187810055266	1.2196011615478	1.21772287763004	1.21615274822533	1.21482404613974	1.21368766025368	1.21270715557415	1.21185512766221	1.21111064126087	1.21045744743735	1.20818981486418	1.20702435108387	1.20655188911947	1.20656360664979	1.206937560863	1.20759586627838	1.20848533186265	1.20956750569511	1.21081305485246	1.21219834016899	1.21370326039107	1.21530987630317	1.2170015674948	1.21876257455341	1.2205778228088	1.22243295427166	1.22431445857385	1.22620985929676	1.2281079112825	1.2299987156001	1.23187378486091	1.23372603454657	1.2355497148262	1.23734029940651	1.23909434970419	1.24080936500021	1.24248364347406	1.2441161416003	1.24570635461041	1.24725421024798	1.24875997855389	1.25022419640829	1.2516476052911	1.25303110051013
80	1.28916216339763	1.30155552375818	1.28708703305288	1.27335209585734	1.2618719198511	1.25229409273623	1.24433422905167	1.23776973420898	1.23241571489715	1.22809411578138	1.22462143830693	1.22182110894468	1.21954084869515	1.2176601725881	1.2160883682199	1.21475853283214	1.21362142070313	1.21264049707845	1.21178828426245	1.21104379326436	1.21039073511242	1.20812505924083	1.20696261041473	1.20649359928788	1.20650897352871	1.20688668902688	1.20754880635753	1.20844209766444	1.20952807878109	1.21077738381229	1.21216633799765	1.21367480215335	1.21528479849713	1.21697966999131	1.21874362547563	1.2205615660848	1.22241911907833	1.22430276953047	1.22620004612118	1.22809971710553	1.22999190309007	1.2318681400842	1.23372136870082	1.23554586423555	1.23733712425925	1.23909173200079	1.24080720609086	1.24248186150569	1.24411466903108	1.24570513593562	1.24725319998231	1.24875913948794	1.25022349813007	1.25164702294919	1.25303061378983
81	1.28910547956671	1.30152046274953	1.28708417084269	1.27334684694555	1.26186176103886	1.25227746008544	1.24431020285871	1.23773795179483	1.23237636759439	1.2280479541346	1.22456960572314	1.22176485386494	1.21948130084237	1.21759825223525	1.21602478620414	1.21469382614217	1.21355599293719	1.21257465293503	1.21172225559336	1.2109777592364	1.21032483460229	1.20806109358122	1.20690162845537	1.20643603280374	1.20645502620996	1.20683646405768	1.2075023533465	1.20839942961233	1.20948917662695	1.21074219573637	1.21213477686665	1.21364674326017	1.21526007900492	1.21695809093224	1.21872495665583	1.22054555361755	1.22240549476072	1.22429125946569	1.22619038609681	1.22809165198639	1.22998519867047	1.23186258538237	1.23371677762051	1.23554207552055	1.23733400021676	1.23908915645545	1.24080508194172	1.24248010820047	1.24411322011105	1.24570393679211	1.24725220586783	1.24875831379851	1.25022281094918	1.25164644983073	1.25303013475055
82	1.28904896400789	1.30148540593994	1.28708133356848	1.27334168456429	1.26185176920544	1.25226109248038	1.24428654337736	1.23770663422177	1.23233757327373	1.22800241665243	1.22451845190372	1.22170931711042	1.21942249920441	1.2175370973876	1.2159619827279	1.21462990644993	1.21349135723862	1.21250960338285	1.21165702235711	1.21091251944661	1.21025972623219	1.20799789872122	1.20684138674989	1.20637917200637	1.20640174787526	1.20678687001095	1.20745649219925	1.2083573135801	1.2094507860451	1.21070747839346	1.21210364550994	1.21361907341763	1.21523570850207	1.21693682194935	1.21870656065677	1.22052977886284	1.22239207561727	1.2242799263774	1.22618087501599	1.22808371235583	1.22997859933514	1.23185711823878	1.23371225920918	1.23553834694143	1.23733092583938	1.23908662116074	1.24080299157179	1.24247838274934	1.24411179417287	1.24570275662909	1.24725122744935	1.24875750110883	1.25022213455351	1.25164588567682	1.25302966317712
83	1.2889926155688	1.30145035486047	1.28707852023132	1.2733366061682	1.26184194101637	1.25224498244144	1.24426324083038	1.23767576940271	1.23229931657319	1.22795748774001	1.22446796086205	1.22165448114109	1.21936442567803	1.21747668955599	1.21589993904428	1.21456675230582	1.21342749460177	1.21244532937376	1.21159256523344	1.21084805487584	1.21019539103651	1.20793545618785	1.20678186750911	1.20632299987446	1.2063491223168	1.20673789152271	1.20741120841932	1.20831573595946	1.20941289469433	1.21067322000271	1.2120729330805	1.21359178271688	1.215211678015	1.21691585499135	1.21868843032482	1.22051423552765	1.22237885616671	1.22426876230444	1.22617150883557	1.22807589478484	1.22997210219656	1.23185173623649	1.23370781145364	1.23553467682772	1.23732789974485	1.23908412640987	1.24080093403919	1.24247668437553	1.2441103905758	1.24570159491763	1.24725026428984	1.24875670105734	1.2502214686434	1.25164533023864	1.25302919886246
84	1.28893643311181	1.30141531098044	1.28707572987359	1.27333160931503	1.26183227158668	1.2522291234447	1.2442402858119	1.23764534570214	1.23226158471941	1.22791315237088	1.22441811475419	1.22160032904817	1.21930706280927	1.21741701091274	1.21583863707601	1.21450435052822	1.21336438669872	1.21238181253856	1.21152886585254	1.21078434718236	1.21013181072511	1.20787374816642	1.20672305357875	1.20626749999555	1.20629713390801	1.20668951378155	1.20736648803344	1.20827468363509	1.2093754895374	1.21063940953847	1.21204262944804	1.21356486161532	1.21518797890387	1.2168951823083	1.21867055877584	1.22049891755769	1.22236583113704	1.22425776624581	1.22616228366864	1.22806819597761	1.22996570447987	1.23184643705317	1.23370343241977	1.23553106357466	1.23732492060538	1.23908167038978	1.24079890843921	1.24247501233293	1.24410900870436	1.24570045114968	1.2472493159695	1.24875591329669	1.25022081293098	1.25164478327723	1.25302874160785
85	1.28888041551378	1.30138027571013	1.28707296157681	1.27332669166027	1.26182275651511	1.25221350850735	1.24421766926906	1.23761535191416	1.23222436466532	1.22786939605988	1.22436889462227	1.22154684452425	1.21925039376272	1.21735804426056	1.21577805938396	1.21444268100812	1.21330201584734	1.21231903511392	1.21146590649127	1.21072137866999	1.2100689676515	1.20781275751422	1.20666492840957	1.20621265653728	1.20624576757606	1.20664172250252	1.20732231756668	1.20823414396126	1.2093385592272	1.21060603534234	1.21201272384018	1.21353830091889	1.21516460284637	1.21687479643698	1.21865293938211	1.22048381912561	1.2223529954552	1.2242469320593	1.22615319577668	1.22806061276479	1.22995940351712	1.23184121845635	1.23369912024848	1.23552750563991	1.23732198714491	1.23907925204664	1.24079691390246	1.24247336590455	1.24410764796713	1.2456993248371	1.24724838208498	1.24875513749316	1.25022016713972	1.25164424456301	1.25302829122238
86	1.28882456166564	1.30134525040323	1.28707021445961	1.27332185095217	1.26181339158426	1.25219813116291	1.24419538248498	1.23758577724188	1.23218764383391	1.22782620537405	1.22432029425759	1.22149401183511	1.21919440229271	1.21729977300305	1.21571818913742	1.2143817267655	1.21324036498128	1.21225698109478	1.21140367090048	1.21065913335578	1.21000684478296	1.20775246750801	1.20660747602917	1.20615845422034	1.20619500877607	1.2065945039025	1.20727868401911	1.20819410488165	1.20930209237743	1.21057308727428	1.21198320694537	1.21351209192294	1.21514154182251	1.216854690187	1.21863556575982	1.22046893462001	1.22234034423734	1.22423625553466	1.22614424156231	1.22805314209729	1.22995319674208	1.23183607829893	1.23369487315201	1.23552400154044	1.23731909813654	1.23907687036728	1.24079494959313	1.24247174440109	1.24410630779557	1.24569821551059	1.24724746224851	1.24875437332589	1.25021953100372	1.25164371387526	1.25302784752245
87	1.28876887047203	1.30131023635927	1.28706748767582	1.27331708502704	1.26180417273822	1.25218298519545	1.24417341706258	1.23755661127805	1.23215141009612	1.22778356560032	1.22427229480642	1.22144181655386	1.21913907271605	1.21724218111711	1.21565901008606	1.21432147140521	1.21317941762166	1.21219563144439	1.2113421406594	1.21059759230092	1.20994542664722	1.20769286226315	1.20655068101551	1.20610487646958	1.20614484346668	1.20654784467695	1.20723557484374	1.20815455430936	1.20926607800796	1.21054055515599	1.21195406939994	1.21348622573407	1.21511878816198	1.21683485662792	1.21861843175746	1.22045425863504	1.22232787277969	1.22422573261782	1.22613541756234	1.22804578104034	1.22994708168515	1.231831014515	1.23369068941039	1.23552054984958	1.23731625240006	1.23907452437715	1.24079301470726	1.2424701471596	1.2441049876428	1.24569712271874	1.24724655608708	1.24875362048627	1.25021890426722	1.25164319100165	1.25302741033147
88	1.28871334085105	1.30127523482581	1.2870647804126	1.27331239180488	1.26179509607302	1.25216806460124	1.24415176490938	1.23752784398672	1.23211565175006	1.22774146447213	1.22422488228271	1.22139024231997	1.21908438988639	1.2171852531268	1.2156005065336	1.21426189909046	1.21311915785035	1.21213497193129	1.2112813008922	1.21053674096992	1.20988469269733	1.2076339262612	1.20649452847182	1.20605191267126	1.20609525808712	1.20650173197809	1.2071929779258	1.20811548105905	1.20923050551796	1.21050842916444	1.21192530216843	1.2134606943017	1.21509633427963	1.21681528906248	1.21860153144487	1.22043978596066	1.22231557654998	1.22421535940343	1.22612672044137	1.22803852676801	1.22994105596871	1.23182602511586	1.23368656736812	1.23551714919428	1.23731344879973	1.23907221313843	1.24079110847125	1.2424685735421	1.2441036869826	1.24569604602719	1.24724566324177	1.2487528786773	1.25021828668407	1.25164267573783	1.25302697947947
89	1.28865797173389	1.30124023190402	1.28706209188882	1.27330776928521	1.26178615783064	1.25215336360295	1.24413041822323	1.23749946568608	1.23208035750133	1.22769988941861	1.22417804317949	1.22133927593481	1.21903033917002	1.21712897407868	1.21554266331279	1.21420299451765	1.21305957045534	1.21207498697607	1.21122113617276	1.21047656395719	1.20982463375967	1.20757564454859	1.20643900400303	1.20599954724729	1.20604623953551	1.20645615339419	1.20715088156315	1.20807687415435	1.20919536467083	1.21047669981568	1.21189689652859	1.21343548967027	1.21507417304061	1.21679598109397	1.21858485904785	1.22042551143888	1.22230345117928	1.22420513212781	1.22611814698565	1.22803137655797	1.22993511730269	1.23182110818632	1.23368250543108	1.23551379825251	1.23731068624204	1.23906993574823	1.24078923014032	1.24246702293443	1.24410240530837	1.24569498501778	1.24724478336704	1.24875214761305	1.25021767801731	1.25164216788707	1.25302655480281
90	1.28860276206454	1.30120525847345	1.28705942135336	1.27330321554321	1.26177735439259	1.2521388766357	1.24410936947882	1.23747146703212	1.23204551644454	1.22765882479001	1.22413176444728	1.22128890370068	1.21897690642299	1.21707332951857	1.21548546576196	1.21414474289269	1.21300064018607	1.212015661587	1.21116163158818	1.2104170463698	1.20976523253635	1.20751800266893	1.20638409369343	1.20594776735841	1.20599777554148	1.20641109693013	1.2071092744858	1.20803872298949	1.20916064557773	1.21044535794953	1.21186884405738	1.21341060415799	1.21505229750312	1.21677692645141	1.21856840919383	1.22041143056849	1.22229149229662	1.22419504716225	1.22610969409737	1.22802432778658	1.22992926348042	1.23181626188118	1.2336785020636	1.23551049575079	1.23730796367376	1.23906769133697	1.24078737899717	1.24246549474508	1.2441011421322	1.24569393928774	1.24724391613007	1.24875142701813	1.2502170780387	1.25164166725987	1.25302613614386
91	1.28854771079954	1.30117030099918	1.28705676808369	1.27329872872607	1.26176868227278	1.25212459833384	1.24408861141494	1.23744383900339	1.23201111804578	1.22761826582467	1.22408603347357	1.2212391123755	1.2189240779695	1.21701830546955	1.21542889970273	1.21408712990863	1.21294235287788	1.21195698134612	1.21110277271617	1.21035817380494	1.20970647466274	1.20746098664117	1.20632978408563	1.20589655899505	1.20594985301786	1.20636655098895	1.20706814567705	1.20800101731347	1.2091263386821	1.2104143947151	1.21184113661753	1.21338603034476	1.21503070096213	1.21675811913591	1.21855217644634	1.22039753840848	1.22227969619988	1.22418510077463	1.22610135878925	1.22801737792431	1.22992349237469	1.23181148442195	1.23367455578566	1.23550724046195	1.23730528007997	1.23906547906671	1.24078555435066	1.24246398840411	1.24409989698398	1.24569290844904	1.2472430612102	1.24875071662718	1.2502164865283	1.25164117367361	1.25302572335071
92	1.2884928126154	1.30113535430726	1.28705413138433	1.27329430704953	1.26176013811136	1.25211052352174	1.24406813702253	1.23741657288644	1.23197715212608	1.22757819772022	1.22404083806355	1.22118988915283	1.21887184058151	1.2169638884112	1.21537295141901	1.21403014172442	1.21288469461595	1.21189893230462	1.21104454560379	1.21029993232866	1.20964834624202	1.20740458293892	1.2062760621606	1.20584591048497	1.20590246057797	1.20632250435446	1.20702748461506	1.20796374721444	1.20909243474501	1.21038380155707	1.21181376634491	1.21336176106069	1.21500937693923	1.21673955335086	1.21853615567107	1.2203838304943	1.22226805874882	1.22417529012069	1.22609313788573	1.22801052453133	1.22991780193411	1.23180677409373	1.23367066517032	1.2355040312029	1.23730263448232	1.23906329812976	1.24078375553458	1.24246250336216	1.24409866941057	1.24569189212761	1.24724221829829	1.2487500161844	1.25021590327409	1.25164068695237	1.2530253162771
93	1.28843807502176	1.30110043183533	1.28705151061755	1.27328994879468	1.26175171866885	1.2520966472051	1.24404793953329	1.2373896602623	1.23194360884575	1.22753860951107	1.22399616642432	1.22114122164302	1.21882018145939	1.21691006525986	1.21531760763708	1.21397376494494	1.21282765193348	1.21184150096271	1.21098693674725	1.21024230845563	1.20959083382505	1.20734877847097	1.20622291575765	1.20579580972414	1.2058555867609	1.20627894660163	1.20698728107279	1.207926903105	1.20905892483126	1.21035357020287	1.21178672563663	1.21333778937522	1.21498831917307	1.21672122349506	1.21852034191042	1.22037030246914	1.22225657615921	1.22416561162118	1.22608502928067	1.22800376492487	1.22991219017956	1.23180212924227	1.23366682884129	1.23550086683263	1.23730002593726	1.23906114774719	1.24078198190646	1.24246103908947	1.24409745897499	1.24569088996273	1.24724138709628	1.24874932544315	1.25021532807167	1.25164020692613	1.25302491478142
94	1.28838349277436	1.30106552837939	1.28704890509116	1.27328565231071	1.26174342082057	1.25208296456282	1.24402801240903	1.23736309299311	1.23191047868961	1.22749949057825	1.22395200713842	1.22109309785532	1.21876908897011	1.21685682335009	1.21526285550676	1.21391798662417	1.21277121179267	1.21178467425047	1.21092993307274	1.21018528913004	1.20953392439129	1.207293561097	1.20617033164519	1.20574624504035	1.2058092204729	1.20623586595527	1.20694752515302	1.20789047570818	1.20902580029632	1.21032369265031	1.21176000713963	1.21331410858679	1.21496752161076	1.21670312415137	1.21850473036529	1.22035695012301	1.22224524477541	1.22415606213297	1.22607702809575	1.22799709759005	1.22990665486949	1.23179754827122	1.23366304547053	1.23549774625026	1.23729745353453	1.23905902716758	1.24078023284656	1.24245959507499	1.24409626525569	1.24568990160645	1.2472405673166	1.24874864416537	1.25021476072364	1.25163973343123	1.25302451872762
95	1.2883290648772	1.30103064487956	1.28704631420529	1.27328141599947	1.26173524155151	1.25206947093922	1.24400834933149	1.23733686321034	1.23187775245296	1.22746083068627	1.2239083491586	1.22104550618093	1.21871854941782	1.21680415041702	1.21520868258358	1.2138627941525	1.21271536156665	1.2117284395098	1.21087352191841	1.21012886170757	1.20947760533067	1.20723891733272	1.20611829865356	1.20569720511065	1.20576335097194	1.20619325350726	1.20690820727437	1.20785445604421	1.20899305277387	1.21029416115607	1.21173360374002	1.21329071221298	1.21494697839787	1.21668525008152	1.21848931639592	1.22034376938698	1.22223406106479	1.22414663861884	1.22606913530958	1.22799051987494	1.22990119492718	1.23179302933377	1.23365931338878	1.23549466839324	1.23729491639559	1.2390569356657	1.24077850775674	1.24245817082551	1.24409508784586	1.2456889267229	1.24723975868168	1.24874797212142	1.25021420103971	1.25163926630959	1.25302412798418
96	1.28827479034555	1.30099578223887	1.28704373736231	1.27327723831276	1.2617271779513	1.25205616183673	1.24398894419281	1.23731096330309	1.23184542122863	1.22742261987851	1.22386518178743	1.22099843537702	1.21866855216541	1.21675203457957	1.21515507681185	1.21380817539209	1.21266008902234	1.21167278447727	1.21081769101712	1.21007301393812	1.20942186442647	1.20718483599169	1.20606680532581	1.20564867899198	1.20571796785293	1.20615109899284	1.20686931815802	1.20781883541808	1.20896067416406	1.21026496822466	1.21170750855285	1.2132675939822	1.21492668386872	1.21666759621959	1.21847409551559	1.22033075632716	1.22222302161246	1.22413733814302	1.2260613466432	1.22798402966727	1.22989580810471	1.23178857165328	1.23365563226107	1.23549163192495	1.23729241331555	1.23905487254141	1.24077680605957	1.24245676586489	1.24409392635274	1.2456879649879	1.24723896092361	1.24874730908955	1.25021364883605	1.25163880540857	1.25302374242409
97	1.28822066820572	1.30096094132481	1.28704117397522	1.27327311776614	1.26171922720963	1.25204303290899	1.24396979108642	1.23728538590704	1.23181347639345	1.22738484853396	1.22382249466301	1.22095187455931	1.21861908594586	1.21670046432467	1.21510202650862	1.21375411855104	1.21260538230423	1.21161769726778	1.21076242848023	1.21001773394959	1.20936668983905	1.20713130554177	1.20601584056088	1.20560065608314	1.20567306103382	1.20610939286924	1.20683084881509	1.20778360540757	1.20892865662233	1.21023610659808	1.21168171491256	1.2132447478215	1.21490663254224	1.21665015766398	1.21845906338407	1.22031790713882	1.22221212311622	1.22412815786691	1.2260536596785	1.22797762492429	1.22989049268935	1.23178417335558	1.23365200033688	1.23548863658344	1.23728994454508	1.23905283711847	1.24077512719734	1.24245537973326	1.24409278039702	1.24568701608831	1.2472381737836	1.2487466548556	1.25021310393512	1.25163835058072	1.2530233619247
98	1.28816669749481	1.3009261229707	1.28703862351738	1.27326905292574	1.26171138661179	1.25203007995428	1.24395088429845	1.23726012389409	1.23178190959711	1.22734750733237	1.22378027774483	1.22090581316149	1.21857013983926	1.21664942945197	1.21504952034848	1.2137006121979	1.21255122991898	1.21156316635919	1.21070772278205	1.20996301023243	1.20931207009038	1.20707831480344	1.20596539359896	1.20555312610778	1.20562862074235	1.20606812588788	1.2067927905348	1.20774875785206	1.20889699254888	1.21020756924589	1.21165621636411	1.21322216785178	1.21488681911222	1.21663292967051	1.21844421580141	1.22030521814098	1.2222013623818	1.224119095045	1.22604607207679	1.2279713036701	1.22988524702392	1.23177983305972	1.23364841647184	1.23548568108796	1.23728750822267	1.23905082874353	1.24077347063123	1.24245401198635	1.24409164961222	1.24568607972159	1.24723739701161	1.24874600921263	1.25021256616539	1.2516379016836	1.25302298636748
99	1.28811287726058	1.30089132797713	1.28703608542968	1.27326504240662	1.26170365353454	1.25201729890932	1.24393221829963	1.2372351703625	1.2317507127511	1.22731058724204	1.22373852130066	1.22086024095027	1.21852170326137	1.2165989169741	1.21499754734906	1.21364764524714	1.21249762072077	1.21150918057762	1.21065356274526	1.20990883162492	1.20925799404944	1.20702585293553	1.20591545400858	1.20550607910127	1.20558463750351	1.20602728908228	1.20675513487302	1.2077142848418	1.20886567457861	1.21017934935594	1.21163100665267	1.21319984837885	1.21486723844002	1.21661590764582	1.21842954870205	1.22029268577116	1.22219073631836	1.22411014702102	1.22603858157549	1.22796506399298	1.2298800695047	1.2317755494287	1.23364487962668	1.23548276421485	1.23728510393985	1.23904884678511	1.24077183584049	1.24245266219475	1.24409053364416	1.24568515559537	1.24723663036601	1.24874537196064	1.25021203536105	1.25163745857951	1.25302261563786
100	1.28805920656113	1.30085655711316	1.28703355919804	1.27326108487078	1.26169602544213	1.25200468584339	1.24391378773753	1.23721051862749	1.23171987801758	1.22727407950801	1.22369721589413	1.22081514800276	1.21847376596647	1.21654891765656	1.21494609685848	1.21359520694528	1.2124445438974	1.21145572908352	1.21059993752689	1.20985518729929	1.20920445091302	1.20697390942174	1.20586601167326	1.20545950539815	1.20554110205675	1.20598687375683	1.20671787364161	1.20768017870778	1.20883469557159	1.21015144032548	1.21160607971764	1.21317778388542	1.21484788554771	1.21659908714109	1.21841505814925	1.2202803065805	1.22218024193415	1.22410131122424	1.22603118598503	1.22795890404287	1.2298749585795	1.23177132084053	1.23364138856176	1.23547988527204	1.23728273095685	1.23904689063269	1.24077022232162	1.24245132994332	1.24408943215039	1.24568424342695	1.24723587361313	1.24874474290625	1.25021151136178	1.2516370211353	1.25302224962504
