0	1	1.1	1.2	1.3	1.4	1.5	1.6	1.7	1.8	1.9	2	2.1	2.2	2.3	2.4	2.5	2.6	2.7	2.8	2.9	3	3.5	4	4.5	5	5.5	6	6.5	7	7.5	8	8.5	9	9.5	10	10.5	11	11.5	12	12.5	13	13.5	14	14.5	15	15.5	16	16.5	17	17.5	18	18.5	19	19.5	20
1	1960.05914857478	2093.55658052191	2361.00020607462	2571.29886835393	2732.95532189481	2856.23966786157	2948.44130690218	3015.34912620009	3062.59243558787	3095.34724592776	3117.75381907066	3132.81890161862	3142.63214777632	3148.63114100723	3151.8121515527	3152.87594513847	3152.32419814202	3150.52252947639	3147.74193595109	3144.18644277368	3140.01184795463	3113.27592401572	3081.57119914508	3047.92755102513	3013.53066024653	2978.86849480555	2944.13147520506	2909.37302107911	2874.58071777604	2839.71064131594	2804.70487620804	2769.50130507511	2734.03958255408	2698.26531648698	2662.13326438715	2625.6105027069	2588.67908033189	2551.33871697315	2513.60885507269	2475.53054284168	2437.16671095518	2398.60161111376	2359.93823753202	2321.29468466972	2282.79877826526	2244.58212343377	2206.77397043185	2169.49563639729	2132.85600645814	2096.94844826795	2061.84920748275	2027.61710532854	1994.29435001873	1961.90801645107	1930.4719704188
1.01325	1960.09595702262	2093.63255349998	2361.26819819824	2571.83971207094	2733.7686787197	2857.29252332383	2949.69455311344	3016.76215715905	3064.12601619674	3096.96775028673	3119.43515921341	3134.54191279177	3144.383032407	3150.39997179913	3153.59172326029	3154.66096115469	3154.11071072389	3152.30755629068	3149.52319515527	3145.96216804096	3141.78065751569	3114.99754360569	3083.235371764	3049.53032970576	3015.07033566709	2980.34419340594	2945.54261354798	2910.71908042388	2875.86115470486	2840.92486350981	2805.85225295582	2770.5812006555	2735.0514067546	2699.20858992423	2663.00769562434	2626.41607718992	2589.41615857678	2552.00811461943	2514.21194795994	2476.06931920441	2437.64380678354	2399.0203013319	2360.30237726213	2321.60860545295	2283.06714537691	2244.80976717937	2206.96572156278	2169.65616807998	2132.98970927134	2097.05934082217	2061.94088473148	2027.69272026385	1994.3566223958	1961.95925994248	1930.51413108934
2	1961.87043660355	2097.02548086951	2373.65697851487	2597.80410093308	2773.92770253323	2910.28996733487	3013.64696629384	3089.5912881002	3143.73965416608	3181.51885049148	3207.46360970362	3224.96401841977	3236.41483394246	3243.47659721076	3247.30316955951	3248.70611676359	3248.26544664579	3246.40276683002	3243.42964564508	3239.57991638971	3235.0315821517	3205.70142861967	3170.81114691055	3133.75216487682	3095.83874120566	3057.60753901395	3019.2666603332	2980.87446224757	2942.41858952575	2903.85386153548	2865.12204127237	2826.16284320449	2786.92092662366	2747.35090040943	2707.42110897718	2667.11732949372	2626.44546512916	2585.43390246733	2544.13463984396	2502.6235769314	2460.9987361835	2419.37687209253	2377.88873065805	2336.67260997863	2295.86796532053	2255.60871303732	2216.0176806449	2177.20239633107	2139.25249305441	2102.23868466572	2066.21307446906	2031.2104527607	1997.25022171595	1964.3386275974	1932.47105191606
3	1962.89164937511	2098.62314160746	2379.77225828149	2611.41860915801	2795.99289774347	2940.37876326173	3050.81409728338	3132.65112916394	3191.40338888947	3232.5865941058	3260.9545070403	3280.13639933356	3292.72739455305	3300.53789038635	3304.82900033202	3306.48801011186	3306.14849403035	3304.27030936443	3301.19268495914	3297.16972455381	3292.39447995938	3261.44031137471	3224.52569952878	3185.28471162838	3145.11833279738	3104.59683888836	3063.941407821	3023.21513888019	2982.40732105738	2941.47376051507	2900.3580772574	2859.00355124213	2817.36078354718	2775.39313468012	2733.0810290474	2690.42525910163	2647.44991032464	2604.20384470681	2560.7608490818	2517.21852186922	2473.69483552618	2430.32324400239	2387.24624049584	2344.608552941	2302.54992955605	2261.19935500745	2220.67019964674	2181.05729842671	2142.4356640121	2104.86065400203	2068.36923685187	2032.98197030374	1998.70534364276	1965.53420891341	1933.45410948698
4	1963.65462195057	2099.60408501597	2383.58939371372	2620.2342453456	2810.72458744076	2960.92248054317	3076.60941628141	3162.90449860421	3225.19647461713	3269.0282074326	3299.29678073972	3319.80534169753	3333.30088486368	3341.70973675947	3346.37675431388	3348.24854232219	3348.00071570544	3346.1231402456	3342.97671679824	3338.83140223667	3333.89201007526	3301.73604615278	3263.30745740638	3222.42862626017	3180.56809262207	3138.32275154449	3095.9246032603	3053.44120099927	3010.86392857999	2968.15046483587	2925.24687904316	2882.10042989154	2838.66763178025	2794.91998026164	2750.84840305095	2706.46644667229	2661.81287039901	2616.95242438002	2571.97502845697	2526.99351185139	2482.13889706821	2437.5544018727	2393.38836364754	2349.7868395496	2306.88685584417	2264.81111614297	2223.66403657423	2183.52981147922	2144.47205066676	2106.53471317479	2069.74393623125	2034.11037357601	1999.63172375268	1966.29521516377	1934.07989837234
5	1964.29464221475	2100.29430303829	2386.27425308756	2626.59737652717	2821.6020081038	2976.35397073441	3096.2345654266	3186.145264554	3251.34562400423	3297.37484549198	3329.23097620695	3350.8529010849	3365.11078653046	3374.02662034529	3379.01491656526	3381.07186391125	3380.90819403904	3379.0388716226	3375.8429007062	3371.60348036852	3366.53521893108	3333.41807016941	3293.76840759028	3251.56488983295	3208.33232360298	3164.6900301068	3120.87942395872	3076.97225575037	3032.96223976685	2988.80916157721	2944.4618804603	2899.87169908525	2855.00080645968	2809.82819854676	2764.35416849809	2718.60329606937	2672.62665428246	2626.5018946029	2580.33156917985	2534.23984340435	2488.36686642959	2442.86198733245	2397.87625635241	2353.55498384184	2310.03133215623	2267.42165433222	2225.82232978091	2185.30854457693	2145.93465472064	2107.73564063873	2070.72929874369	2034.91878912156	2000.29525065033	1966.8402850765	1934.52819235944
6	1964.86478786748	2100.82159583493	2388.30012691912	2631.49431072975	2830.12532083363	2988.61574535468	3111.99387345353	3204.95946839681	3272.64439006028	3320.56667796161	3353.79834214725	3376.38884876753	3391.3122611076	3400.67255332364	3405.94439587296	3408.16691631504	3408.0813744862	3406.22446679859	3402.99091342416	3398.67537964584	3393.50097036966	3359.57932077063	3318.90043545618	3275.57781407947	3231.18494666069	3186.36074915344	3141.35506840717	3096.24363272366	3051.02256727706	3005.65391869763	2960.08941933425	2914.28442381907	2868.20647735331	2821.84153866142	2775.19835787248	2728.31124214386	2681.24190794363	2634.07863180625	2586.93433970281	2539.94193312202	2493.24818325208	2447.00635747998	2401.36849797449	2356.47808897795	2312.46404855213	2269.43669125359	2227.48515948765	2186.6769089885	2147.05855331768	2108.65771393919	2071.48545868645	2035.53897725385	2000.80423336576	1967.25842411445	1934.87215336982
7	1965.39036510654	2101.24796605348	2389.90155621428	2635.42685594215	2837.07274288528	2998.72896028764	3125.10948525712	3220.72716640676	3290.58987929153	3340.18382602776	3374.63639813955	3398.08968264832	3413.60771072408	3423.36647480396	3428.89389625076	3431.26723227876	3431.25484559761	3429.41280172023	3426.14976649464	3421.77059521356	3416.50592294677	3381.89044731842	3340.3185042298	3296.0229928716	3250.62055525603	3204.76764884681	3158.72181819526	3112.56258108354	3066.28849731895	3019.86394600319	2973.24357198003	2926.38662944411	2879.26585874312	2831.87363145186	2784.22643027514	2736.36725880755	2688.36709820767	2640.32343545582	2592.35764990814	2544.60962775278	2497.23105898118	2450.37767468669	2404.20148510748	2358.84351490146	2314.42853011472	2271.06099636102	2228.82362766188	2187.77711653839	2147.96144762785	2109.39803804395	2072.09235019907	2036.03664659305	2001.21265174982	1967.59397590496	1935.14822701812
8	1965.88522719683	2101.6074031353	2391.21016356227	2638.68253356046	2842.89760375059	3007.29506793415	3136.30671792435	3234.27176311817	3306.07860111817	3357.17488812683	3392.72978582386	3416.96457516066	3433.02259715281	3443.14431941681	3448.90559293363	3451.41810010205	3451.47471890348	3449.64904628865	3446.36234763694	3441.92868895793	3436.58551367027	3401.35878945426	3358.99586211371	3313.83718508846	3267.53844584393	3220.77199953738	3173.80252936917	3126.71317776626	3079.5049346553	3032.14453896224	2984.58953475896	2936.8029844821	2888.76253353202	2840.46659339283	2791.93874756675	2743.2298569096	2694.41911411968	2645.61199006049	2596.93698426524	2548.53963188987	2500.57532227168	2453.20128949991	2406.56876620791	2360.81619467178	2316.0639843126	2272.41132176462	2229.93505791588	2188.689896793	2148.71004354	2110.0115771207	2072.59517617569	2036.44893153654	2001.55099967917	1967.8719859036	1935.37699749195
9	1966.35775858524	2101.92035666924	2392.3064358122	2641.44022585232	2847.88597046669	3014.6972504109	3146.05076604519	3246.12383633771	3319.69021333189	3372.15445992853	3408.71740311159	3433.66895050155	3450.22341800939	3460.67967631949	3466.65730734198	3469.29950745835	3469.4216141709	3467.61324396425	3464.30723060405	3459.82608335295	3454.41346319605	3418.63961759385	3375.56527085472	3329.62911998792	3282.52254590366	3234.9325859852	3187.13057204228	3139.20313192881	3091.15366465013	3042.95127111506	2994.55636095014	2945.93569291991	2897.07159263705	2847.96815427705	2798.65546709803	2749.19173555185	2699.6633265335	2650.18277299816	2600.88465175282	2551.91912646126	2503.44438169128	2455.61843924504	2408.59137063364	2362.49877313881	2317.45692517216	2273.56005525622	2230.87967404785	2189.46512389313	2149.34550460366	2110.53221429621	2073.02178085219	2036.79869364344	2001.83804362972	1968.10786421283	1935.57112875212
10	1966.81332323655	2102.19992503234	2393.24279696167	2643.81817202148	2852.22916602136	3021.19413706906	3154.65750351578	3256.64525894835	3331.82109001656	3385.54373523227	3423.03760745059	3448.65295519293	3465.66815807021	3476.43561452064	3482.6151793661	3485.37916753318	3485.56367802509	3483.7731961314	3480.45125264133	3475.92812748842	3470.4532640096	3434.18362243959	3390.46175267154	3343.81702938856	3295.97382741975	3247.63282715194	3199.07162559469	3150.38020674194	3101.56435034246	3052.59550692581	3003.43690777469	2954.0588963104	2904.44825247033	2854.61449579968	2804.59376036377	2754.45085351903	2704.27877580221	2654.19626211322	2604.34312959813	2554.87336975875	2505.94727303104	2457.72313595883	2410.34957469592	2363.95927786605	2318.66454335864	2274.55496426726	2231.69715761101	2190.13562042321	2149.89488574326	2110.98220432989	2073.39044456049	2037.10093857416	2002.08610078563	1968.31172618691	1935.73893554277
11	1967.25554419367	2102.45491381714	2394.05508894642	2645.89825024074	2856.06120751414	3026.96820352726	3162.35101525352	3266.09369432513	3342.75438600541	3397.64405267246	3436.00452546936	3462.23931992929	3479.68534683216	3490.7443961946	3497.11373704909	3499.99279555099	3500.23703939515	3498.46478843367	3495.12958818042	3490.56895013788	3485.0376943124	3448.31431927256	3403.99746318133	3356.70088108499	3308.17969983283	3259.14737530473	3209.88743953129	3160.49311928182	3110.97254202514	3061.2994540282	3011.43995622542	2961.3677722702	2911.07400088763	2860.57323952587	2809.90733298968	2759.14716431863	2708.39176493326	2657.76540342126	2607.41245271704	2557.49009087745	2508.16017712371	2459.58090009662	2411.89922170136	2365.2449114122	2319.72644523636	2275.42907431707	2232.41490506305	2190.72402114704	2150.3768331685	2111.37687416998	2073.71375017939	2037.36599101378	2002.30364361004	1968.49052840148	1935.88613539935
12	1967.68696977933	2102.69146985204	2394.76877777221	2647.73929375747	2859.47932365844	3032.15280446785	3169.29588881711	3274.65909224061	3352.69928375401	3408.67848378164	3447.85084933738	3474.66737709835	3492.51874552125	3503.85265892117	3510.40136193571	3513.38969265084	3513.69129464421	3511.93748616729	3508.59115449209	3503.99670928026	3498.41392884564	3461.27194867804	3416.40412209886	3368.50323305364	3319.35330698501	3269.67978835317	3219.77187632269	3169.72593782708	3119.55241279138	3069.22734795881	3018.7195676077	2968.00616700508	2917.08236012516	2865.96756590536	2814.70899100446	2763.38315392538	2712.0946003539	2660.97256805761	2610.1654169244	2559.8329892165	2510.13828707918	2461.23910105417	2413.28060508035	2366.38967145824	2320.67111307587	2276.20610303234	2233.05256931402	2191.24654844311	2150.80469985352	2111.72719414088	2074.00070082214	2037.60123682137	2002.49673246227	1968.64924700024	1936.01681858673
13	1968.10945253533	2102.91401399175	2395.40254739267	2649.38486803129	2862.55615402035	3036.84822577491	3175.6164413587	3282.48544983968	3361.81475554417	3418.81680504075	3458.75389782392	3486.1195963057	3504.35428535051	3515.94859422836	3522.66761733962	3525.76015181013	3526.11698916523	3524.38171561608	3521.02605781916	3516.40085306722	3510.77066408583	3473.23989107481	3427.85854914379	3379.39388811294	3329.65714594454	3279.3851695137	3228.87255821201	3178.21872663123	3127.43639088962	3076.50386878146	3025.39265453191	2974.08311766142	2922.57442889791	2870.890597347	2819.08388134226	2767.23604843162	2715.45671076489	2663.87959254257	2612.65656164431	2561.94969302575	2511.92278921618	2462.73301993785	2414.52368265972	2367.41879453656	2321.51965932863	2276.90360991044	2233.62468601527	2191.71519110532	2151.1883479669	2112.04126301367	2074.25794095668	2037.81212591121	2002.6698388353	1968.79155352652	1936.13400323104
14	1968.52437667922	2103.12580304713	2395.9704172798	2650.86804896494	2865.3473000032	3041.13169983568	3181.40891830909	3289.68449115894	3370.22442054692	3428.19123724694	3468.85190360678	3496.73834944463	3515.33710516065	3527.179117337	3534.06051965093	3537.25277968473	3537.66294029419	3535.94621873986	3532.58272216835	3527.92939215963	3522.25529026504	3484.36135885735	3438.49879101482	3389.50532251471	3339.21797668723	3288.38444709429	3237.30451298585	3186.08055170196	3134.72751930057	3083.22597317248	3031.55002470265	2979.68322528383	2927.62855611155	2875.41437977563	2823.09780870294	2770.76543706626	2718.53157835011	2666.5340260389	2614.92774817231	2563.87669168974	2513.5451806394	2464.08959141763	2415.65128867291	2368.35148860489	2322.28813282905	2277.53492870416	2234.14228305244	2192.13903839828	2151.53525047285	2112.32521516954	2074.49050209439	2038.00278613114	2002.8263493257	1968.92022879321	1936.23997554849
15	1968.93280080961	2103.32928372015	2396.48320305348	2652.21448385873	2867.89620068875	3045.06390102021	3186.74916384092	3296.34461746283	3378.02629989492	3436.90676939	3478.25473337798	3506.63683704381	3525.58265279417	3537.66115150564	3544.69789133566	3547.98588411536	3548.44763386682	3546.74942779891	3543.37934942759	3538.70014931721	3532.98515571245	3494.75036916064	3448.43472402776	3398.94295177339	3348.13659220649	3296.77374835363	3245.159126285	3193.39800820281	3141.50755354796	3089.4705270408	3037.2636053584	2984.87343431435	2932.30667012694	2879.59586231305	2826.80265194876	2774.01822950468	2721.36123903367	2668.97317959502	2617.01176876833	2565.64252087339	2515.03005215754	2465.32981123005	2416.68119674157	2369.20268524515	2322.98899524306	2278.11040294816	2234.61390849295	2192.52513132875	2151.8511944517	2112.58379951165	2074.70227849798	2038.1764061073	2002.96887977182	1969.03742061988	1936.33650095568
16	1969.33555081862	2103.52632380406	2396.94949285025	2653.44442205747	2870.23739242888	3048.69333035449	3191.69805654849	3302.53695677173	3385.29941667774	3445.04816041453	3487.05116374251	3515.90659216027	3535.18431690362	3547.48929566765	3554.67507642154	3558.05521383622	3558.56697059497	3556.88720513653	3553.51161828518	3548.80849227413	3543.05528623563	3504.49919539117	3457.75525044509	3407.79204252609	3356.4945375944	3304.63075840052	3252.51021456993	3200.24100055773	3147.84244776747	3095.2994945353	3042.5913310934	2989.70761534149	2936.65855293443	2883.48070476224	2830.24001515418	2777.03199511669	2723.97930582297	2671.22684216247	2618.9347633814	2567.26989169124	2516.39694534891	2466.4703399783	2417.62749194505	2369.98416450684	2323.63210026218	2278.63820441753	2235.046311341	2192.87902596572	2152.1407413088	2112.82075791915	2074.89633799601	2038.33550582032	2003.09949739909	1969.1448265022	1936.42497545871
17	1969.73328232181	2103.71843047438	2397.37579747071	2654.57410286972	2872.39875252797	3052.05936748029	3196.30516316328	3308.31957410915	3392.10840576983	3452.68482597515	3495.31396424713	3524.62268786984	3544.21871826759	3556.74117112677	3564.07033473214	3567.53937026081	3568.09968289203	3566.4382555884	3563.05808499616	3558.33276448037	3552.54366719853	3513.68360617955	3466.53333743012	3416.12255445807	3364.35864754853	3312.01916631692	3259.41826462212	3206.66678139367	3153.78618466942	3100.76355446682	3047.58054681133	2994.2297530118	2940.72481064354	2887.10613035047	2833.44375001426	2779.83725636306	2726.41305979704	2673.31915624061	2620.71788600097	2568.77715642955	2517.66162891352	2467.52460369086	2418.50151096543	2370.70550546087	2324.2253630944	2279.12489215274	2235.44490342408	2193.20517525028	2152.4075501001	2113.03909142114	2075.07514070064	2038.48210051752	2003.21985545886	1969.24380409977	1936.50651535417
18	1970.12652376043	2103.90661802342	2397.76765693249	2655.61672888867	2874.40308328327	3055.19427660665	3200.61135754364	3313.74047448786	3398.50680129749	3459.87433084903	3503.10351451664	3532.84746343814	3552.74951082555	3565.48131279208	3572.94870580753	3576.5036837955	3577.11121612268	3575.46800478561	3572.08405348701	3567.33805509879	3561.51514032536	3522.36656525502	3474.82962139821	3423.99260759675	3371.78444034579	3318.99184137615	3265.93346204267	3212.72282576324	3159.38350174728	3105.90468042268	3052.27043718726	2998.47621911654	2944.53898967666	2890.50285875974	2836.44176844275	2782.45915564614	2728.68493783592	2675.26994612473	2622.37848296722	2570.17934343606	2518.83699850996	2468.50356859863	2419.31250303197	2371.374415242	2324.77522860194	2279.57580285873	2235.81408799742	2193.50720073466	2152.65459278698	2113.24123685928	2075.24068382813	2038.61782751661	2003.33129706676	1969.33545635012	1936.58202758599
19	1970.51570687134	2104.09183285825	2398.12954415872	2656.58316401896	2876.26925502637	3058.12496661524	3204.65072859018	3318.83979108331	3404.53943723237	3466.66494292869	3510.47052628815	3540.6332605936	3560.83015364393	3573.76390312286	3581.36483977315	3585.0030571768	3585.65656945774	3584.03143783129	3580.64440665436	3575.8790797848	3570.02418574367	3530.60098969153	3482.69504780161	3431.45101871001	3378.81853154135	3325.59315746163	3272.09791123929	3218.44894391917	3164.67189190622	3110.75802554874	3056.69379258168	3002.47743117592	2948.12911721693	2893.69653007687	2839.2573390692	2784.91862636517	2730.81358679753	2677.09567932474	2623.93094468804	2571.48890411919	2519.93372536601	2469.41629884838	2420.06810519163	2371.99728239066	2325.28701009696	2279.99533345561	2236.15748940925	2193.7880820595	2152.88431449791	2113.42919867444	2075.39461006427	2038.74403334813	2003.43492679285	1969.42069034189	1936.65225811121
20	1970.90118851921	2104.27478056955	2398.46514471569	2657.48244403225	2878.01304710766	3060.8740069925	3208.45199236165	3323.65141013049	3410.24423261934	3473.09753263288	3517.45793211706	3548.02445559616	3568.50598775931	3581.63491442677	3589.36510107859	3593.08407040623	3593.78241414	3592.17521605545	3588.78572577357	3584.00227626123	3578.11708431888	3538.43177604856	3490.17283793948	3438.53919191175	3385.50042408173	3331.86072389314	3277.94728354527	3223.87884611979	3169.68308638266	3115.35332242917	3060.87833015052	3006.25906965277	2951.51884511317	2896.70876040959	2841.91002779736	2787.23327863307	2732.81468994393	2678.81018224422	2625.38733329439	2572.7162627073	2520.96073300394	2470.27036597129	2420.77469027062	2372.57943415436	2325.76507281352	2280.38714472143	2236.47812410469	2194.05029817272	2153.09874893226	2113.60464373681	2075.53828526762	2038.86183756788	2003.53166301905	1969.50026029479	1936.7178272164
21	1971.28326745385	2104.45602559866	2398.7775376185	2658.3221565735	2879.64777732593	3063.46052329068	3212.03955764449	3328.20419757277	3415.65354147016	3479.20701105003	3524.10244417682	3555.05900073274	3575.81580302069	3589.1336863323	3596.98915840743	3600.78659769166	3601.52870105209	3599.93928401859	3596.54787959057	3591.74739395197	3585.83340959166	3545.89737232575	3497.2999794852	3445.29255015105	3391.86396464674	3337.82669675436	3283.5120635688	3229.04133047593	3174.4441770795	3119.71594264182	3064.84768748612	3009.84302967305	2954.72830652411	2899.55793659494	2844.41654755752	2789.41806063573	2734.70153830643	2680.42514301007	2626.75785633012	2573.87022787334	2521.92555374787	2471.072154346	2421.43762749364	2373.12535472868	2326.21326183522	2280.75431444452	2236.77852701954	2194.29593159905	2153.29960413846	2113.76897176657	2075.67285627407	2038.97218016518	2003.62227682675	1969.57479947979	1936.77925575213
22	1971.66214864403	2104.63602217333	2399.06931826629	2659.1087284873	2881.18478025429	3065.90081285161	3215.43433402471	3332.52290475296	3420.79518841027	3485.02343399641	3530.43569220636	3561.7696096579	3582.79304559173	3596.29414627988	3604.27126562921	3608.14503338787	3608.92989436139	3607.35810118149	3603.96526885387	3599.14872859063	3593.20732273037	3553.03093405885	3504.10837784142	3451.74164291811	3397.93827430124	3343.51878576494	3288.8185115353	3233.96118984879	3178.97847910038	3123.86770741414	3068.62217955119	3013.2481110647	2957.77478719532	2902.25982661645	2846.79113674295	2791.4857686592	2736.48550083788	2681.95057156906	2628.05120909769	2574.9583056526	2522.83459939954	2471.82709377084	2422.06147905353	2373.63885155003	2326.63467666946	2281.0994528541	2237.0608470858	2194.52674718165	2153.48832727898	2113.92336850579	2075.79929451047	2039.07585732413	2003.70742133842	1969.6448443159	1936.8369849415
23	1972.03813957794	2104.81513526231	2399.34269217765	2659.84764601746	2882.63377596017	3068.20902394446	3218.65437267166	3336.62903924655	3425.69324408491	3490.57286505859	3536.48512125676	3568.18468096097	3589.4667588509	3603.14576166705	3611.24114205831	3615.18925848052	3616.01593722344	3614.46160842607	3611.06778226252	3606.23607980509	3600.26850022922	3559.86126488353	3510.6257430298	3457.91299352125	3403.74865257299	3348.9610398529	3293.8894095119	3238.65992690761	3183.30620109644	3127.82752057402	3072.2193949827	3016.49057962757	2960.67322697078	2904.82805346873	2849.04610759456	2793.44743280859	2738.17636491831	2683.39506720046	2629.27488270194	2575.98694076051	2523.69336981522	2472.5398373595	2422.65015147831	2374.12318258268	2327.03201938541	2281.42479110135	2237.32692046143	2194.74425245708	2153.66615425895	2114.06884645913	2075.9184294141	2039.17354883758	2003.78765420394	1969.71085282565	1936.89139154559
24	1972.41137890024	2104.99365883617	2399.59954739553	2660.54362588166	2884.00315725628	3070.39730201828	3221.71531256723	3340.5412293887	3430.3687834772	3495.87804766219	3542.27469873632	3574.32902652353	3595.8623255816	3609.71429103956	3617.92478131657	3621.9453988983	3622.81301175671	3621.27598667588	3617.8815562092	3613.03550455861	3607.04289529872	3566.41355399356	3516.8763018736	3463.8297881114	3409.31720571276	3354.17446572784	3298.74465033003	3243.15630768828	3187.44497331752	3131.61186541488	3075.65466134895	3019.58460110862	2963.43662800483	2907.27445062664	2851.19215737245	2795.31262841748	2739.78262050214	2684.76608438658	2630.43534838184	2576.96170481639	2524.50661533965	2473.21440071903	2423.20701349425	2374.58115539898	2327.40761719317	2281.7322499182	2237.57832725964	2194.94974438669	2153.83414814811	2114.2062764251	2076.03097428416	2039.26583929528	2003.86345498	1969.77321890551	1936.94279959679
25	1972.78202629585	2105.17182984587	2399.8415110779	2661.20074957231	2885.30021683474	3072.47627210623	3224.63094550129	3344.27581980022	3434.84020491049	3500.95892064156	3547.82548169363	3580.2244512154	3602.00205984322	3616.02238321438	3624.34504196004	3628.43643163737	3629.3441457145	3627.8242636413	3624.42957930003	3619.56992297057	3613.55333591308	3572.70993952311	3522.8813584141	3469.51241016667	3414.66336358174	3359.17751960169	3303.40170635557	3247.46681203482	3191.41026897138	3135.23520035693	3078.94141568033	3022.54258604091	2966.07637316853	2909.60938751869	2853.23863444384	2797.0897129807	2741.31166459969	2686.07010031257	2631.53824628218	2577.88744872897	2525.27847052723	2473.85427895152	2423.73499834883	2375.01521667139	2327.76350076199	2282.02349365884	2237.8164362211	2195.14434615004	2153.99322940478	2114.33641229502	2076.13754661714	2039.35323476059	2003.93523881124	1969.83228355948	1936.99148963401
26	1973.15019406179	2105.34983912435	2400.06999420689	2661.82256996904	2886.53132797396	3074.45524994927	3227.41327823917	3347.84720349309	3439.12375930691	3505.83316503045	3553.1560650042	3585.89022522623	3607.90568288862	3622.09005932553	3630.52213291078	3634.68267163991	3635.62970144551	3634.12680230774	3630.7321806857	3625.85960358283	3619.82000916277	3578.77004181381	3528.65974660899	3474.97887594238	3419.80429539628	3363.98651162891	3307.87600923976	3251.60598409949	3195.21573930756	3138.71027705517	3082.0915022835	3025.37546732089	2968.60248351718	2911.84197490254	2855.19375801463	2798.78603231941	2742.7700016998	2687.31282161439	2632.58850744736	2578.76840329538	2526.01252971499	2474.46249747986	2424.23663109853	2375.42745803271	2328.10139148576	2282.29997500815	2238.04244199145	2195.32903814045	2154.14420159653	2114.45991236445	2076.23868575005	2039.4361773695	2004.0033685074	1969.88834488663	1937.03770695676
27	1973.51605665153	2105.52784000266	2400.28622725901	2662.41219677332	2887.70209007544	3076.34244573703	3230.07295456939	3351.26811894579	3443.23384874486	3510.51638705428	3558.28295516169	3591.34345537822	3613.59071436828	3627.93510787253	3636.47401249647	3640.70216004102	3641.68777337084	3640.20169839714	3636.80742635139	3631.92255870646	3625.86085499199	3584.61125284684	3534.22820299708	3480.24519210667	3424.75525025622	3368.61591405545	3312.18125284362	3255.58672868742	3198.8734915703	3142.04839836094	3085.1154141623	3028.09292467341	2971.02382542447	2913.98027056149	2857.06478819205	2800.40806744723	2744.16336089565	2688.4992615837	2633.59048470979	2579.60830881994	2526.7119798115	2475.04175148779	2424.71417669767	2375.81977318073	2328.42286648833	2282.56296014295	2238.25738416284	2195.50467213608	2154.28776176743	2114.57734678151	2076.33485811295	2039.51504897027	2004.06815702289	1969.94165975703	1937.08166277779
28	1973.87969656295	2105.70595515503	2400.49128892333	2662.97236557845	2888.81744672767	3078.14513008227	3232.61942176118	3354.54989287202	3447.18329587085	3515.02251876262	3563.22087063127	3596.59940390095	3619.07278288935	3633.57340136784	3642.21670492367	3646.51103514215	3647.5345122107	3646.06510471702	3642.67144284666	3637.7748668372	3631.69188711214	3590.2491121163	3539.60166153475	3485.32563810901	3429.5298304393	3373.07863932585	3316.32964742539	3259.42054725113	3202.39431250604	3145.25962943043	3088.0224904648	3030.70356844196	2973.34828072682	2916.03143251097	2858.8581696052	2801.96156702572	2745.49682015186	2689.63386090494	2634.54802257632	2580.41046119934	2527.3796202854	2475.59439859524	2425.1696056258	2376.19379826157	2328.72927690137	2282.81357450013	2238.46218847889	2195.6720081844	2154.42453325536	2114.68922656813	2076.42648271504	2039.59019332311	2004.12988666227	1969.99246029735	1937.12354823815
29	1974.24120960396	2105.88428224268	2400.686129416	2663.50549416725	2889.88178257793	3079.86977000047	3235.06110263949	3357.70263967685	3450.9835660106	3519.36402848772	3567.98296392164	3601.67174287704	3624.36589449836	3639.01916629183	3647.76457877616	3652.12373268716	3653.18440241401	3651.73150655219	3648.33869229844	3643.43094823313	3637.32746820207	3595.69754901578	3544.7935094803	3490.23301243641	3434.14022295949	3377.38625166045	3320.33212462109	3263.1177335723	3205.78785216234	3148.35297308046	3090.82107916169	3033.21509082892	2975.58288643618	2918.00184719299	2860.57964801603	2803.45165239972	2746.7748997913	2690.72056963221	2635.46453847388	2581.17778859984	2528.0179374074	2476.12253250129	2425.60466823606	2376.55098759669	2329.02182502347	2283.05280814592	2238.65766789885	2195.83171253676	2154.55506148235	2114.79599806199	2076.51392490362	2039.66190971989	2004.18880287939	1970.04094809487	1937.16352917294
30	1974.60068131917	2106.0628981664	2400.87158955454	2664.01372874646	2890.89900252923	3081.52214153501	3237.40556786836	3360.73542952329	3454.6449508216	3523.55209625823	3572.58113755599	3606.5727680717	3629.48264844434	3644.28520237349	3653.130557352	3657.55324730165	3658.65047081493	3657.21393454232	3653.82218496816	3648.90377423995	3642.78051758658	3600.96909968267	3549.81579284361	3494.9788288332	3438.59738968206	3381.54914912608	3324.19851540582	3266.68754191831	3209.06278118495	3151.33650875699	3093.51867303497	3035.63439138515	2977.73395062423	2919.89723572633	2862.23436695177	2804.88286986714	2748.00164017508	2691.76291566769	2636.34308230857	2581.91290246241	2528.62914715643	2476.62801833905	2426.02092319148	2376.8926359015	2329.30158501609	2283.28154650028	2238.84455031875	2195.98438266287	2154.67983632139	2114.89806280616	2076.5975139092	2039.73046829065	2004.24512754983	1970.08730562997	1937.20175588218
31	1974.95818847745	2106.24186286659	2401.04841647532	2664.49898218312	2891.87259829009	3083.10737159568	3239.65952843517	3363.65642301905	3458.1767259618	3527.59686885297	3577.02605608312	3611.31357802865	3634.4344199687	3649.38306792159	3658.32631515755	3662.81132005767	3663.94448850744	3662.52416160907	3659.13367518668	3654.20506484874	3648.06270863367	3606.07508712352	3554.67939034851	3499.57348339055	3442.91122589653	3385.57671763333	3327.93768476058	3270.1383140902	3212.22691470785	3154.21752169754	3096.12201775554	3037.96768215048	2979.80714991968	2921.72274382431	2863.82695006748	2806.25940529318	2749.18066649984	2692.76406198938	2637.18638645375	2582.61814066877	2529.21523239709	2477.11252417244	2426.41976387451	2377.21990022645	2329.5695012161	2283.50056444921	2239.02346968363	2196.13053579832	2154.7992795238	2114.99576455179	2076.67752996977	2039.79609767062	2004.29904744191	1970.13168572994	1937.23835368774
32	1975.31380030191	2106.42113165791	2401.21727667183	2664.96299467581	2892.80570337877	3084.63022213201	3241.82912172906	3366.47299038552	3461.58727484176	3531.50746569196	3581.32739898719	3615.90422489045	3639.23151432503	3654.32323572916	3663.36243108341	3667.9085907259	3669.07712279247	3667.67285769517	3664.28381649324	3659.34543999135	3653.18462009541	3611.02577341347	3559.39416004337	3504.0263951711	3447.09069551436	3389.47743316771	3331.55766040253	3273.47760168462	3215.28732363263	3157.00259900808	3098.63721611941	3040.22057405216	2981.80760697567	2923.48300999851	2865.36156033499	2807.58492166241	2750.31524550014	2693.72685464019	2637.99690771229	2583.29560386177	2529.77797233157	2477.57754535651	2426.80243825886	2377.53381591068	2329.82644035521	2283.71057768163	2239.19501560132	2196.27065734649	2154.91379020051	2115.08943144288	2076.75424300783	2039.85902008024	2004.35074570965	1970.17423954248	1937.27344748704
33	1975.66757949356	2106.60091657008	2401.37876687755	2665.40724688814	2893.70113955929	3086.09484957402	3243.91987240326	3369.1918093778	3464.8842029437	3535.29218525747	3585.4939579848	3620.35384211993	3643.8832971953	3659.11522529408	3668.24852194055	3672.85473222517	3674.05807219515	3672.66972402879	3669.2822946633	3664.33456435728	3658.15587008902	3615.83048869526	3563.96905526302	3508.34612518619	3451.14394347213	3393.25906000653	3335.06573337486	3276.71226118193	3218.25042587337	3159.69771654486	3101.06979916964	3042.39815468377	2983.73996655391	2925.18224035837	2866.84197261515	2808.86277797967	2751.40831930246	2694.65386307046	2638.77686252166	2583.94718584002	2530.3189718262	2478.02443066745	2427.17007213282	2377.83531726026	2330.07317025711	2283.91221732035	2239.35970543719	2196.40517054805	2155.02371433102	2115.17934621677	2076.82788413421	2039.91942456639	2004.40037716138	1970.21509401751	1937.30714155948
34	1976.01959969418	2106.78115515472	2401.53342320325	2665.83314997492	2894.5614560439	3087.50506385689	3245.93679358484	3371.81894846346	3468.07442971335	3538.95858267727	3589.53374240971	3624.67075330809	3648.39830579564	3663.76771540695	3672.99335618797	3677.65856481962	3678.89616455804	3677.52360740537	3674.13794491177	3669.1812411267	3662.98523626395	3620.49774111011	3568.412254071	3512.54047783698	3455.07839363563	3396.92861225807	3338.46854556186	3279.84853666699	3221.12206412542	3162.3083125894	3103.42480006391	3044.50504828851	2985.60844658228	2926.82425065244	2868.27160843486	2810.09601354045	2752.46256806256	2695.54741448881	2639.52825704316	2584.57459968803	2530.83968055607	2478.45439737004	2427.52368060803	2378.12524594099	2330.31034472965	2284.10605468273	2239.51800789789	2196.53445932109	2155.12936613493	2115.26576601843	2076.89866388537	2039.97748366146	2004.44808336472	1970.2543654934	1937.33953167596
35	1976.36988071236	2106.96195535274	2401.68172885043	2666.24195464755	2895.38896278997	3088.86432563915	3247.88444745126	3374.35993833955	3471.16426837917	3542.51355940855	3593.4540694025	3628.86253829449	3652.78434400599	3668.28864059007	3677.60495117266	3682.32815380354	3683.59951923653	3682.24259788062	3678.85884439375	3673.89352584341	3667.68073803143	3625.03531094512	3572.73123711435	3516.61658780905	3458.90083139875	3400.49251885094	3341.77216458154	3282.89213062449	3223.90757248446	3164.83935015163	3105.70680595775	3046.54547139555	2987.41689139618	2928.41251689113	2869.653582647	2811.28739198701	2753.48041916131	2696.4096228606	2640.2529123769	2585.17939944502	2531.34141310086	2478.86854879174	2427.86418344107	2378.40436435228	2330.53867420373	2284.29260711474	2239.67034738879	2196.65887129435	2155.23103013988	2115.34892370651	2076.9667729175	2040.03335360594	2004.49399251443	1970.29215931149	1937.37070454591
36	1976.71848600903	2107.14315332379	2401.82412065602	2666.63479440745	2896.18575892122	3090.1757870665	3249.76699714432	3376.81983319863	3474.15949448269	3545.96343061365	3597.26164073429	3632.93622061581	3657.04856420554	3672.68527406388	3682.09065679765	3686.87089355744	3688.17553554678	3686.83411360083	3683.4524000716	3678.47880413586	3672.24973149946	3629.45033002012	3576.93284621316	3520.58099469219	3462.6174750103	3403.95667001554	3344.98214817658	3285.84826479979	3226.6118337317	3167.29537062444	3107.92001664594	3048.52327967577	2989.16881543078	2929.95021613501	2870.99074153833	2812.43943910949	2754.4640874001	2697.2424138751	2640.9524863754	2585.7629989905	2531.82536481475	2479.26788769721	2428.19241619826	2378.67336485641	2330.75868936643	2284.47234418678	2239.81710905104	2196.77872189225	2155.32896448946	2115.42903053314	2077.03238419172	2040.08717613948	2004.53822091036	1970.32857104257	1937.40073884058
37	1977.06545953164	2107.32483720615	2401.96099467265	2667.01269938089	2896.95375709896	3091.44232680764	3251.5882514659	3379.2032635417	3477.06540500754	3549.31399395375	3600.96261305931	3636.89817535959	3661.19753798613	3676.96429944593	3686.45722783337	3691.29358019884	3692.63102887541	3691.30497248625	3687.92542027432	3682.9438647837	3676.69897832398	3633.74935975425	3581.0233746152	3524.43970761082	3466.23403719721	3407.32644948317	3348.10359982119	3288.72173274567	3229.23932878883	3169.6805401045	3110.06828188025	3050.44200421312	2990.86743218271	2931.44024759854	2872.28567698766	2813.55445044616	2755.4155992398	2698.04755034923	2641.6284986784	2586.32669832929	2532.29262555163	2479.65332790388	2428.50914000707	2378.93287790874	2330.97091014494	2284.64569325812	2239.95864334269	2196.89429809787	2155.4234040312	2115.50627867699	2077.09565504991	2040.13908020262	2004.5808743528	1970.36368763255	1937.42970704781
38	1977.41084185895	2107.50700736859	2402.09271094805	2667.37660820061	2897.69470451156	3092.66658018125	3253.35170352209	3381.51448189717	3479.88686961262	3552.57058308171	3604.56265038433	3640.75430151413	3665.23731751085	3681.13187297241	3690.71088667561	3695.6024746382	3696.97227827219	3695.66145624977	3692.28417774868	3687.29496257722	3681.03470831545	3637.93843609874	3585.00862061966	3528.19826121933	3469.75577862808	3410.60689044214	3351.14121694388	3291.51694537962	3231.7941795797	3171.99868946662	3112.15514058632	3052.30489342082	2992.51570127419	2932.88528602775	2873.54078418412	2814.63454890014	2756.33680293959	2698.82663194926	2642.2823170868	2586.87164998812	2532.74419670797	2480.02571128504	2428.81505875256	2379.18348953371	2331.17582296409	2284.81304428822	2240.09526999815	2197.00586170372	2155.51456298124	2115.58084362993	2077.15672918543	2040.18918355952	2004.62204947302	1970.3975884858	1937.45767178877
39	1977.75470737104	2107.68970137887	2402.21959763606	2667.72737825379	2898.41020102659	3093.85096585792	3255.06056427065	3383.75735222633	3482.62837519976	3555.73811620612	3608.06697906721	3644.51003714622	3669.17348743706	3685.19367770851	3694.85737802773	3699.80335752364	3701.20508127226	3699.90936516699	3696.53446460407	3691.53787309543	3685.26267399676	3642.02313800735	3588.89393775905	3531.86176450463	3473.18755448106	3413.8025631521	3354.09933291232	3294.23797063679	3234.28018629576	3174.25334962772	3114.18385271367	3054.11493760114	2994.11634164424	2934.28778363158	2874.75825498941	2815.68167582207	2757.22940661551	2699.58114522028	2642.91522481984	2587.39895630469	2533.18097705768	2480.38578363659	2429.11078503495	2379.42569810412	2331.37382960045	2284.9747540234	2240.22728147692	2197.11365214538	2155.60263724829	2115.65288508121	2077.21573729027	2040.23759328899	2004.66183413584	1970.4303458354	1937.48469528623
40	1978.09704445943	2107.87283365094	2402.34195454772	2668.06590536842	2899.10171494972	3094.99770787223	3256.7177917542	3385.9355851109	3485.29406483008	3558.82113775211	3611.48043067217	3648.17041336619	3673.01121849102	3689.15496931124	3698.90201672437	3703.90157729533	3705.334802235	3704.05406623249	3700.6816403721	3695.67794062025	3689.38819832495	3646.00862625093	3592.68427874465	3535.43494346102	3476.53385394989	3416.91771640021	3356.98195257085	3296.88856700518	3236.70086013491	3176.447781399	3116.15742812021	3055.87489247887	2995.67186222031	2935.65000291473	2875.94011097973	2816.69761992271	2758.09497688127	2700.3124484131	2643.52838796982	2587.9096083485	2533.6038161081	2480.73426205983	2429.39692142392	2379.66000925764	2331.56535403928	2285.13114943282	2240.35494576956	2197.21788879117	2155.68780630423	2115.72255048108	2077.27280012112	2040.28440837496	2004.70030957289	1970.46202643481	1937.51083159237
41	1978.43787140699	2108.05643269264	2402.46005622898	2668.39268732891	2899.77059675668	3096.1088561059	3258.3261164311	3388.05246854138	3487.88777182588	3561.8238553324	3614.80748076237	3651.74009202612	3676.75529684444	3693.02062505592	3702.84972846081	3707.90209237265	3709.36641454937	3708.10053541985	3704.73067419244	3699.72012019505	3693.41621658089	3649.89968412604	3596.38423484259	3538.9221774902	3479.79884148637	3419.95629038517	3359.79278956439	3299.472219452	3239.05945155951	3178.58500275928	3118.07865133456	3057.58731065906	2997.18458214904	2936.97403417225	2877.08821888182	2817.68403208483	2758.93495917224	2701.02179432156	2644.12288158672	2588.40451985257	2534.01348368445	2481.07178998439	2429.67400383061	2379.88686568165	2331.75076019573	2285.28253115623	2240.47850927183	2197.31877332475	2155.7702351463	2115.78997463561	2077.32802803163	2040.32971924635	2004.73754998355	1970.49269125955	1937.53613088815
42	1978.77724273185	2108.24048971024	2402.57415464043	2668.70849834156	2900.41809110115	3097.18630357791	3259.88806463703	3390.11109300863	3490.413049755	3564.75017216948	3618.05228303759	3655.22340102924	3680.41016921036	3696.7951675548	3706.70509208869	3711.80950828671	3713.30453785403	3712.05339490075	3708.68618196715	3703.66901466705	3697.35131326296	3653.7007593371	3599.99806952749	3542.32753725713	3482.98637846228	3422.92193868594	3362.53528593164	3301.99215506433	3241.35897567888	3180.66781215028	3119.9501033676	3059.2545558573	2998.65664923405	2938.26181232492	2878.20430578642	2818.64243893968	2759.75068942876	2701.71034027525	2644.6996984472	2588.88453472967	2534.41069096108	2481.39896218858	2429.94253161798	2380.10668212014	2331.93039154796	2285.42918698377	2240.59819875017	2197.41649133766	2155.85007559589	2115.85528174632	2077.3815226993	2040.3736092295	2004.77362375032	1970.52239652161	1937.56063946822
43	1979.11518695265	2108.4249919164	2402.68448149534	2669.01394878305	2901.04534734962	3098.23180178228	3261.40597664092	3392.1143274995	3492.87319672265	3567.60371570425	3621.21869947644	3658.62436553394	3683.97994489465	3700.48280760301	3710.47236427108	3715.62811050982	3717.15347092662	3715.91692862252	3712.55245918787	3707.52890741571	3701.19775468578	3657.41598537787	3603.52975254159	3545.65480499519	3486.100059174	3425.81806069388	3365.21264397107	3304.45137770875	3243.6022343149	3182.69880920464	3121.77418100264	3060.87882218861	3000.0900562877	2939.51513180579	2879.28997257632	2819.57425480984	2760.5434046617	2702.37915738823	2645.25975698193	2589.35043305371	2534.79609643399	2481.7163298896	2430.20294299737	2380.31981381857	2332.10453326257	2285.57134257073	2240.71422699691	2197.51121766024	2155.92747128222	2115.91858986939	2077.43338124514	2040.41615831791	2004.80859684846	1970.55119670922	1937.58440239012
44	1979.4517308648	2108.60992589196	2402.79125030939	2669.30960215528	2901.65342885314	3099.24697421289	3262.88202534888	3394.06483702043	3495.27128733766	3570.3878629285	3624.31032701897	3661.94673559554	3687.46853217935	3704.08746932647	3714.15551197324	3719.36189126521	3720.91722082749	3719.69518026703	3716.33351002764	3711.30379135727	3704.95951786103	3661.04921741779	3606.98298047709	3548.90750779029	3489.14323232862	3428.64782321651	3367.8278456929	3306.85268339589	3245.79183562385	3184.68041309566	3123.55311384985	3062.46214992267	3001.4866555868	2940.7356597179	2880.34670738884	2820.48085859045	2761.31425233463	2703.02923870002	2645.80390845204	2589.80293791172	2535.17030494698	2482.02439682339	2430.45567527202	2380.52662780387	2332.27349336415	2285.70925777522	2240.82677762399	2197.60310059256	2156.00254174897	2115.97999524245	2077.48368109128	2040.457428793	2004.84251941219	1970.57913224039	1937.60745232643
45	1979.78689970597	2108.79527727583	2402.89465820175	2669.59597962932	2902.24332113276	3100.23332832572	3264.31823139647	3395.96510338476	3497.61018073228	3573.10576287359	3627.33052128082	3665.19401066135	3690.87950210088	3707.61281570218	3717.75823955824	3723.01458560283	3724.59952627392	3723.39187653901	3720.03307319698	3714.99739266832	3708.64031618568	3664.60405489763	3610.36120590398	3552.08893786772	3492.11902325313	3431.41418128523	3370.38367368361	3309.19867992107	3247.93021151524	3186.61487881388	3125.2889794736	3064.00643945661	3002.84817317394	2941.92494772969	2881.37588887048	2821.36333594728	2762.064298692	2703.66150652678	2646.33294235036	2590.24271905831	2535.53388406459	2482.32363881214	2430.70111850291	2380.72744566359	2332.43753574606	2285.84314798281	2240.93603791632	2197.69229506249	2156.07541525938	2116.03960419217	2077.53251052691	2040.49749410491	2004.87545266543	1970.60625424131	1937.62983203635
46	1980.12071730183	2108.98103099538	2402.99488748234	2669.87356411238	2902.81593912554	3101.19226614815	3265.71647687179	3397.81744094548	3499.89254747185	3575.760356632	3630.28241766382	3668.36946146816	3694.21621776964	3711.06227087766	3721.28401446364	3726.58967680883	3728.20389220084	3727.01051622885	3723.65464498715	3718.61320249894	3712.24361990637	3668.08386373867	3613.667637832	3555.20217303002	3495.03035336894	3434.11989648541	3372.88272765191	3311.49180170386	3250.0196318434	3188.50431086488	3126.98371683074	3065.51346516498	3004.17621435819	2943.08444137312	2882.37880825613	2822.2228918291	2762.79453606337	2704.27681874345	2646.84759371883	2590.67040044623	2535.88735781856	2482.61449338821	2430.93963560861	2380.92256688353	2332.59690651412	2285.97321479187	2241.04217263944	2197.77893553386	2156.14620146003	2116.09750610476	2077.57994243359	2040.53641370728	2004.90744514141	1970.63260236226	1937.65157393968
47	1980.45320619472	2109.16717146298	2403.09210705506	2670.14280373068	2903.37213361764	3102.12509371514	3267.07851753644	3399.62401119996	3502.12088394971	3578.35439522976	3633.16895020727	3671.47614956849	3697.4818277982	3714.43904293134	3724.73607788534	3730.0904307566	3731.73359024247	3730.55438267894	3727.20149920675	3722.15448349813	3715.77268682303	3671.49179618777	3616.90533731439	3558.25009504322	3497.87995758686	3436.76755265169	3375.32743930056	3313.73433195915	3252.06222407944	3190.35067962183	3128.63913813265	3066.98487935829	3005.47228259462	2944.21549110253	2883.35666721982	2823.06058768066	2763.50588958795	2704.87597483573	2647.34854662191	2591.08656215379	2536.23121403603	2482.89736782766	2431.17156452048	2381.11227044808	2332.75183508645	2286.09964631911	2241.14533574621	2197.86314786209	2156.21500319745	2116.15378504195	2077.62604556701	2040.57424389591	2004.93854300045	1970.65821451988	1937.67270924533
48	1980.78438775772	2109.35368273994	2403.18647366162	2670.40411506201	2903.91269696985	3103.03302948226	3268.40599373747	3401.38683584339	3504.29752640646	3580.8904556206	3635.99286846367	3674.5169448147	3700.67928419734	3717.74613755647	3728.11747195264	3733.519910323	3735.19169371531	3734.02654784016	3730.67670842156	3725.6242982359	3719.23056542621	3674.83080859379	3620.07712033118	3561.23540598194	3500.67039923464	3439.35957539405	3377.72009112335	3315.92840333694	3254.05997582089	3192.15582725702	3130.25694058385	3068.42223643789	3006.73778288561	2945.31935922779	2884.31058938909	2823.87741175185	2764.19918337132	2705.45972076837	2647.8364391447	2591.49174506393	2536.5659074553	2483.17264170486	2431.39722015479	2381.29681634643	2332.90253529076	2286.22261794318	2241.2456708191	2197.94504948203	2156.28191649281	2116.20851954089	2077.67088421623	2040.61103736294	2004.96878949517	1970.68312627956	1937.69326725437
49	1981.1142822958	2109.54054867457	2403.2781329871	2670.65788592653	2904.43836822695	3103.91721184617	3269.70044017396	3403.10780846385	3506.42466729335	3583.37095503385	3638.75675264246	3677.49454105205	3703.8113584411	3720.98637813733	3731.43105335991	3736.88099174429	3738.5810886298	3737.42990035723	3734.08315601141	3729.02552300036	3722.62011764957	3678.10367736896	3623.18564891431	3564.16064290303	3503.40408688784	3441.89823711654	3380.06282083719	3318.07601934646	3256.01475340535	3193.92148219577	3131.83871380601	3069.82698751799	3007.97403122305	2946.39722744823	2885.24162576707	2824.674290088	2764.87530343369	2706.02875367006	2648.31186733815	2591.88645422718	2536.89186254187	2483.44066922347	2431.61689631374	2381.47644709849	2333.04920656793	2286.34229323576	2241.34331177482	2198.02474992849	2156.34703091706	2116.2617828713	2077.71451836372	2040.64684326953	2004.99822497639	1970.70737081643	1937.71327529137
50	1981.44290913609	2109.72778014183	2403.36722064487	2670.90447790782	2904.94983768713	3104.77870588274	3270.96329465933	3404.78873288209	3508.50436200723	3585.79816387497	3641.46302723097	3680.41147023681	3706.88065592183	3724.1624191661	3734.6795079602	3740.17637948118	3741.90448860835	3740.76715463963	3737.42355432849	3732.36086307816	3725.94403938295	3681.31301335528	3626.2334261156	3567.02819104885	3506.08328220165	3444.38567526908	3382.35763891205	3320.17906218251	3257.9283097765	3195.64926741835	3133.38595204104	3071.20049552403	3009.1822619232	2947.45020375814	2886.15076157574	2825.45209011289	2765.53496688118	2706.58372593557	2648.77538876117	2592.2711618874	2537.20947604525	2483.70178135495	2431.83086745658	2381.6513892088	2333.1920351576	2286.45882492322	2241.43838364027	2198.10235145848	2156.41043008446	2116.31364342673	2077.75700399832	2040.68170750333	2005.02688710758	1970.73097909524	1937.73275886032
51	1981.77028670826	2109.91530767776	2403.45386305592	2671.14422860104	2905.44776647195	3105.61850939764	3272.19590599975	3406.43122237158	3510.53854339469	3588.17421735088	3644.11397327264	3683.27011516542	3709.88962898477	3727.27675945299	3737.86536433787	3743.4086197861	3745.16444876956	3744.04086842867	3740.70045725409	3735.63286436066	3729.20486736936	3684.46127477876	3629.22280845825	3569.84029562251	3508.7101148218	3446.82390127209	3384.60643689831	3322.23930230903	3259.80229341302	3197.34070859544	3134.90005473539	3072.54404227572	3010.36363720663	2948.47932967326	2887.03892130654	2826.21162541241	2766.17888250424	2707.12524891209	2649.22752566686	2592.6463102078	2537.51911930862	2483.95628777844	2432.03939031652	2381.82185450604	2333.33119520099	2286.57235579024	2241.53100329128	2198.17794965534	2156.47219214904	2116.36416513334	2077.79839345134	2040.71567295467	2005.05481109295	1970.75398005988	1937.75174180151
52	1982.09643261681	2110.10314120668	2403.53817823543	2671.37745363172	2905.93272893641	3106.43755837199	3273.39954109377	3408.03687188493	3512.52903034607	3590.50112596784	3646.7117394582	3686.07272097552	3712.84058870697	3730.33172721451	3740.99100588952	3746.58011284633	3748.36337728128	3747.25345217032	3743.91627246511	3738.84392838701	3732.40499304214	3687.55077895974	3632.1560171903	3572.599073126	3511.28659160134	3449.21481024481	3386.81099662647	3324.2584071261	3261.638256337	3198.99724188448	3136.38234497134	3073.85882866815	3011.51923892436	2949.48558151866	2887.90697542178	2826.95366268495	2766.8077208005	2707.65389621825	2649.66876787107	2593.01231372586	2537.82114035071	2484.20447863136	2432.24270536235	2381.98804135546	2333.46684974267	2286.68301950498	2241.62128013065	2198.25163398486	2156.53239025966	2116.41340782191	2077.83873570145	2040.74877976659	2005.08202988238	1970.7764008016	1937.77024643026
53	1982.42136370543	2110.29126469157	2403.62027650412	2671.60444846989	2906.40530697088	3107.23673187319	3274.57539134264	3409.60715770977	3514.47753650068	3592.78078503094	3649.25835216529	3688.82140555859	3715.73571556293	3733.32959806738	3744.05868176431	3749.69312378185	3751.50354738987	3750.40718080529	3747.07326996282	3741.99631892622	3735.54667345589	3690.58371291876	3635.03514847598	3575.30652013549	3513.81460588063	3451.56018981242	3388.97299853503	3326.23794881739	3263.4376615627	3200.6202212071	3137.83406609105	3075.14599217123	3012.6501000712	2950.469876929	2888.75573595042	2827.6789136706	2767.42209405193	2708.17021089849	2650.09958177207	2593.36957243729	2538.11586574209	2484.44662608755	2432.44103811599	2382.15013575291	2333.59915163423	2286.79094136277	2241.7093166985	2198.32348829508	2156.59109296935	2116.46142756331	2077.87807664929	2040.78106555979	2005.10857435612	1970.79826671078	1937.78829366139
54	1982.74509611529	2110.47963698867	2403.70026111405	2671.82549006318	2906.86597052619	3108.01685649258	3275.72457844995	3411.14347119343	3516.38567818975	3595.01498325672	3651.75572456364	3691.51816900555	3718.57706910091	3736.2724448761	3747.07051679122	3752.74979264248	3754.58710669278	3753.50420377449	3750.17360179544	3745.09218222129	3738.63203890909	3693.56214299975	3637.86218264329	3577.96452287359	3516.2959459058	3453.86172809426	3391.09402922251	3328.17941142903	3265.20189021037	3202.21092330133	3139.25639102545	3076.40660192716	3013.75718682886	2951.43308610737	2889.58597656255	2828.38805940303	2768.02259993138	2708.67468923827	2650.5203842496	2593.7184259584	2538.40361270054	2484.68298578116	2432.63460034145	2382.30831231122	2333.72824434896	2286.89623895642	2241.7952092223	2198.39359126742	2156.64836460451	2116.50827697023	2077.9164593646	2040.81256563509	2005.13447349081	1970.81960161329	1937.80590312167
55	1983.06764533736	2110.66829252445	2403.77822882837	2672.04083831084	2907.31534404302	3108.77866622684	3276.84815967953	3412.64712507473	3518.25498162489	3597.20540967719	3654.20566488838	3694.16490219114	3721.3665967384	3739.16225286164	3750.0285205017	3755.75214340476	3757.61608643611	3756.5465537176	3753.21927635216	3748.13354032176	3741.66311180482	3696.48802361901	3640.63899259077	3580.57486503103	3518.73230248005	3456.12102096297	3393.17558830994	3330.0841973404	3266.93224653	3203.77055428878	3140.65042739605	3077.64166740086	3014.84141150049	2952.37602589456	2890.3984219172	2829.081736906	2768.60979212285	2709.16781635993	2650.93159264343	2594.05923526705	2538.68464471633	2484.91380710741	2432.82360358911	2382.46273515159	2333.85426271778	2286.99902278168	2241.87904811393	2198.46201682335	2156.70426559787	2116.55400546998	2077.95392430935	2040.84331315647	2005.1597545096	1970.84042789379	1937.82309325139
56	1983.38902625981	2110.85719122959	2403.8542704352	2672.2507373964	2907.75383678679	3109.52298166717	3277.94709495089	3414.11935923937	3520.08688943636	3599.35366471974	3656.60988397129	3696.76339458975	3724.10614177105	3742.00090131493	3752.93459534687	3758.70209236051	3760.59240979855	3759.53615646405	3756.21225394691	3751.12231083189	3744.64179896005	3699.36320523373	3643.36735143614	3583.13923508431	3521.12527593023	3458.33957865282	3395.21909365796	3331.95363329079	3268.62996425104	3205.30025456979	3142.01722219489	3078.85214256805	3015.90363606949	2953.29946822276	2891.1937566889	2829.76054732675	2769.18419294904	2709.65004105408	2651.33358998259	2594.39232390972	2538.95924993573	2485.13929446861	2433.00820492569	2382.6135679961	2333.97734518157	2287.09939678523	2241.96091841901	2198.52883449297	2156.75885278992	2116.59865955114	2077.9905095399	2040.87333931643	2005.18444301793	1970.86076660739	1937.83988139598
57	1983.70925321068	2111.0463180727	2403.92847121439	2672.45541699452	2908.18189235436	3110.25045139141	3279.02240078298	3415.56134596058	3521.88276663069	3601.46126025545	3658.97000210799	3699.31534140383	3726.79745067831	3744.79017101962	3755.79054419529	3761.60145556313	3763.51789935431	3762.47483583671	3759.1543385938	3754.06031115392	3747.56991060861	3702.18944019048	3646.04893953518	3585.65923297099	3523.4763824608	3460.51883178609	3397.22589148874	3333.78897542541	3270.29621134748	3206.80110348747	3143.35776608239	3080.0389298217	3016.94467568568	2954.20414279221	2891.97262781181	2830.42505846114	2769.74629563095	2710.12178777208	2651.7267378636	2594.71799714807	2539.22768392136	2485.35967558477	2433.18860090863	2382.76093358546	2334.09758281638	2287.19746644001	2242.04090901228	2198.59411966141	2156.8121797022	2116.64228298707	2078.02625088989	2040.90267348602	2005.20856312651	1970.88063758062	1937.85628388938
58	1984.02833999676	2111.2356583446	2404.00091136074	2672.65509336624	2908.59992907069	3110.96172896002	3280.07493182971	3416.97419467932	3523.6439060281	3603.52963022146	3661.28755533067	3701.82235007622	3729.44217979846	3747.53175103492	3758.5980771787	3764.45195574348	3766.39428439027	3765.36432255422	3762.04725909689	3756.94926543355	3750.44916409879	3704.96839562796	3648.6853508069	3588.1363761891	3525.78705995908	3462.66013687775	3399.19725485072	3335.59141444357	3271.93209461779	3208.2741235902	3144.67299733095	3081.20288356228	3017.96530188378	2955.0907400085	2892.73564830643	2831.07580714938	2770.29656648623	2710.58345750527	2652.11137780592	2595.03654325238	2539.49018801867	2485.57515105401	2433.36495721586	2382.90498434684	2334.21510734005	2287.29330527951	2242.11907360582	2198.65790942316	2156.86430237523	2116.68492303237	2078.0611884596	2040.93134992987	2005.23214432466	1970.90006637746	1937.8723230501
59	1984.34626047084	2111.42519767487	2404.07166636799	2672.84997035442	2909.00823743854	3111.65743183247	3281.10553096366	3418.35895637126	3525.37153323372	3605.56013474213	3663.56400008352	3704.28594624931	3732.04190143741	3750.22724490337	3761.35881797072	3767.25522861639	3769.22320656105	3768.20626000913	3764.89265705327	3759.79081085601	3753.28119016393	3707.70164910808	3651.27809862033	3590.57210537929	3528.05867330729	3464.76478111958	3401.13439158823	3337.36207999282	3273.53866387398	3209.72028453458	3145.96380542499	3082.34481351676	3018.96624561163	2955.95991372312	2893.48339514233	2831.71330145778	2770.83544663586	2711.03542944639	2652.48783267043	2595.34823469115	2539.74699033218	2485.78591049737	2433.53743052523	2383.04584907946	2334.33002418533	2287.3870132091	2242.19549835628	2198.7202789245	2156.91525435465	2116.72660349765	2078.0953381057	2040.95937803568	2005.25519076671	1970.9190529447	1937.88799546734
60	1984.66310542275	2111.61492204397	2404.14080737801	2673.04024029015	2909.40739776538	3112.3381443743	3282.11499680105	3419.71662754292	3527.06681118889	3607.55406509416	3665.8007231128	3706.70757922646	3734.59810946813	3752.87817634147	3764.07430952886	3770.01282865163	3772.00622617344	3771.00221006588	3767.69209264228	3762.58650341846	3756.06753867214	3710.39068127723	3653.82862113697	3592.96777711098	3530.29251925127	3466.83398809135	3403.03845060611	3339.10204476821	3275.11691577921	3211.14050665552	3147.23103437287	3083.46548777926	3019.94820000359	2956.81228374214	2894.21641835047	2832.33802263236	2771.36335375736	2711.47806250973	2652.85640795941	2595.65332922526	2539.9983066289	2485.99213328735	2433.70616908335	2383.18364971498	2334.44243325084	2287.47867182539	2242.27024974808	2198.78128223082	2156.96509047883	2116.76737183484	2078.12874131121	2040.98679445771	2005.27773519159	1970.93762683659	1937.90332809566
61	1984.97884883114	2111.80481779146	2404.20840149829	2673.22608481926	2909.79766018039	3113.00442001833	3283.10408671324	3421.04815389371	3528.73084434498	3609.51264326133	3667.99903865558	3709.08862589097	3737.11222291769	3755.48599381349	3766.746019374	3772.72623442792	3774.74482737311	3773.75365838462	3770.44704994117	3765.33782323017	3758.80968390519	3713.03696158083	3656.33828622806	3595.32471770585	3532.48983086939	3468.8689203051	3404.91052338753	3340.81232827306	3276.66779736787	3212.53566424486	3148.4754857396	3084.56563559765	3020.91182292284	2957.64843812536	2894.93523852029	2832.95042692804	2771.88068369053	2711.91169672424	2653.21739300946	2595.9520709149	2540.24434117406	2486.19398922765	2433.87131324483	2383.31850173085	2334.55242920188	2287.56835851798	2242.34339092346	2198.84097078549	2157.01385261721	2116.80726209474	2078.1614257479	2041.01362166352	2005.29979581704	1970.95580279493	1937.91833282707
62	1985.29350274042	2111.99487162149	2404.2745120923	2673.4076756572	2910.17936893437	3113.65678336775	3284.0735193478	3422.35443367699	3530.36468249649	3611.43704600623	3670.16019853809	3711.43040013416	3739.58559758517	3758.05207811179	3769.37534266416	3775.39685343807	3777.44042303847	3776.46201931641	3773.15894181297	3768.04617938638	3761.50902941299	3715.64182910361	3658.80839599549	3597.64415416177	3534.65178162749	3470.87068395711	3406.75164836713	3342.49390027497	3278.19220927866	3213.90658856143	3149.69792143097	3085.64594993223	3021.85773929425	2958.46893529524	2895.640349824	2833.55094728591	2772.38781190969	2712.33665451099	2653.57106208674	2596.244691046	2540.48528750364	2486.39163918629	2434.03299598064	2383.45051454777	2334.66010177021	2287.65614668892	2242.41498182108	2198.8993934823	2157.06158063204	2116.84630677007	2078.19341790208	2041.03988124492	2005.32139017716	1970.97359516457	1937.93302142698
63	1985.60707882153	2112.18507060546	2404.33919904381	2673.58517527936	2910.55282055397	3114.29573212578	3285.02397724852	3423.63628689949	3531.96932430603	3613.32837906157	3672.28539465445	3713.73414903393	3742.01951875949	3760.57774225064	3771.96361421456	3778.02602663927	3780.09435928679	3779.12864041075	3775.82911440731	3770.71291445613	3764.16691248352	3718.20657921779	3661.24019093456	3599.92726686123	3536.77948939099	3472.84033291333	3408.56281431355	3344.14768398497	3279.69100872979	3215.25407059905	3150.89906625366	3086.70708980746	3022.78654324837	2959.27430597519	2896.3322217532	2834.13999487341	2772.88509487526	2712.75324185656	2653.91767539356	2596.53140898339	2540.72132913764	2486.58523568385	2434.19134335504	2383.57979190891	2334.76553604775	2287.74210596797	2242.48507933105	2198.95659676424	2157.10831242803	2116.88453674993	2078.22474301073	2041.06559384792	2005.34253539533	1970.99101784466	1937.94740509534
64	1985.91958839437	2112.3754021824	2404.40251899954	2673.75873755393	2910.91832505983	3114.92173886788	3285.95610920498	3424.89459299882	3533.54572055093	3615.18770033672	3674.37576272849	3716.00106285596	3744.41521408045	3763.06423895922	3774.51210153242	3780.61503258061	3782.70791962896	3781.75480657177	3778.45885131049	3773.33930862026	3766.78460826453	3720.7324469648	3663.63485377162	3602.17518038696	3538.87401955192	3474.7788714334	3410.34496344657	3345.77455898721	3281.16501225906	3216.57886363566	3152.07961027271	3087.74968247699	3023.69880009499	2960.06505497307	2897.01130071585	2834.7179604999	2773.37287127661	2713.1617493917	2654.25747999448	2596.81243295676	2540.9526402394	2486.77492343925	2434.34647497147	2383.70643223841	2334.86881276965	2287.8263024319	2242.5537374327	2199.0126247171	2157.15408401096	2116.92198161578	2078.25542524346	2041.09077921187	2005.36324736989	1971.00808393617	1937.96149469427
65	1986.23104244839	2112.56585415769	2404.46452559086	2673.92850832183	2911.27616734378	3115.53525267232	3286.87053240251	3426.13009229444	3535.09477711581	3617.01601830292	3676.43238578541	3718.23227688992	3746.77385486838	3765.51276334196	3777.02201300367	3783.1650912284	3785.28232880543	3784.34174389544	3781.04937737695	3775.92658349204	3769.36333356894	3723.22061096097	3665.9935130071	3604.38897016886	3540.93638843389	3476.68725738433	3412.09899431324	3347.37536394177	3282.61499825139	3217.8816851564	3153.240210985	3088.77432541955	3024.5950481416	2960.84166282424	2897.67801150702	2835.28521674283	2773.85146317568	2713.56245338423	2654.59071066886	2597.08796078469	2541.17938622397	2486.96083987546	2434.49850438812	2383.83052897887	2334.97000857647	2287.90879880998	2242.62100747586	2199.06751929703	2157.19892965651	2116.95866921529	2078.28548738973	2041.115456028	2005.38354154587	1971.02480614216	1937.97530069159
66	1986.54145166145	2112.75641470035	2404.52526963729	2674.09462592965	2911.6266180091	3116.13670062157	3287.76783441385	3427.34352179846	3536.61735775697	3618.81429501832	3678.45629735369	3720.42887476828	3749.09655889823	3767.92445644533	3779.49447804121	3785.67736750233	3787.81875633206	3786.89062321674	3783.60186227136	3778.47590564902	3771.90425039268	3725.67219663329	3668.31724527439	3606.56965981677	3542.96756634232	3478.56640384883	3413.82576310318	3348.95089779534	3284.04170826067	3219.16322060274	3154.38149532601	3089.781588181	3025.47580037126	2961.60458730695	2898.33275866517	2835.8421158774	2774.32117706137	2713.95561665403	2654.91759069667	2597.3581805428	2541.40172432013	2487.14311558773	2434.64753950205	2383.95217090463	2335.06919630745	2287.98958969803	2242.68693812761	2199.12132026103	2157.24288185028	2116.99462616814	2078.31495124123	2041.13964215996	2005.40343259019	1971.04119652642	1937.98883302862
67	1986.85082641733	2112.94711306212	2404.58479933375	2674.25722172024	2911.96993428698	3116.72648918739	3288.64857503535	3428.53558428035	3538.11428665717	3620.58344892345	3680.44848445002	3722.59189164141	3751.38439443799	3770.30040847696	3781.93065653064	3788.15297454819	3790.31831978207	3789.40256339283	3786.11742374695	3780.98838990205	3774.40846917066	3728.08827801992	3670.60708250038	3608.7182289361	3544.96847929756	3480.41718690567	3415.52609189155	3350.5019276579	3285.44585353558	3220.42412334127	3155.50406216893	3090.77201407647	3026.34154599288	2962.35426484218	2898.97592772449	2836.38899587204	2774.78230482216	2714.34148941726	2655.23833258365	2597.62327118008	2541.61980408956	2487.32187477633	2434.79368291772	2384.07144242696	2335.16644517082	2288.06886148203	2242.75157571333	2199.17406546258	2157.28597152782	2117.02987777265	2078.34383750807	2041.16335458494	2005.42293444237	1971.05726655458	1938.00210115415
68	1987.15917682176	2113.13785798049	2404.64316042228	2674.4164204835	2912.30636088164	3117.30500550957	3289.5132879838	3429.70695033313	3539.58635079066	3622.32435742614	3682.4098903128	3724.72231691383	3753.63838258095	3772.64166046029	3784.33157708986	3790.59297677054	3792.7820878272	3791.8786343454	3788.5971306836	3783.4651023245	3776.87705179415	3730.46988691372	3672.86400760545	3610.83560322481	3546.94001562167	3482.24043968256	3417.20076150286	3352.02918183631	3286.82810983542	3221.66501751409	3156.60848097221	3091.74612176553	3027.19275187499	2963.09111178796	2899.60788637239	2836.92617817052	2775.23512464493	2714.72031006604	2655.55313873077	2597.88340820315	2541.83377573444	2487.49724722588	2434.93703226123	2384.18842384777	2335.26182102778	2288.14660334963	2242.81496429588	2199.22579090505	2157.32822811194	2117.06444808992	2078.37216588767	2041.18660945015	2005.4420603606	1971.07302713219	1938.01511405555
69	1987.46651271724	2113.3286781258	2404.70039635069	2674.57234087333	2912.63613075056	3117.87261857844	3290.36248246715	3430.85826028692	3541.03430211439	3624.03785930369	3684.34141694726	3726.82109695737	3755.85950014959	3774.94921280515	3786.6982502104	3792.99839264605	3795.21108305906	3794.31985988323	3791.04200590617	3785.90706306286	3779.31101440986	3732.81800524117	3675.0889626884	3612.92269911773	3548.88302142783	3484.0369606425	3418.85052048746	3353.53335849111	3288.18912472783	3222.88649967998	3157.69529897086	3092.70440791968	3028.02986387387	2963.81552563767	2900.22898552104	2837.45396944765	2775.67990184602	2715.0923058893	2655.86220397668	2598.13874197346	2542.04375652285	2487.66931807011	2435.07769022926	2384.30320397646	2335.35538657889	2288.22286661213	2242.87714581755	2199.27653085775	2157.36967960777	2117.09836002144	2078.39995512808	2041.20942212488	2005.46082296465	1971.0884886398	1938.02788028782
70	1987.77284369675	2113.51956307073	2404.75654841835	2674.72509579147	2912.95946582612	3118.42968032879	3291.19664463934	3431.9901259831	3542.45885960086	3625.72475692973	3686.24392749828	3728.88913757205	3758.04868222589	3777.22401827677	3789.03164123832	3795.37019733633	3797.6062846095	3796.72722032362	3793.45302880228	3788.31522900252	3781.71133001987	3735.13357532622	3677.2828497164	3614.98036513004	3550.79830838395	3485.80751400568	3420.47608518307	3355.01512561519	3289.52951756286	3224.08914040494	3158.76499354896	3093.64734304837	3028.85331036606	2964.52788613075	2900.83956029994	2837.97266248805	2776.11688964105	2715.45769437485	2656.16570778765	2598.38943468566	2542.24988703501	2487.83821199023	2435.21572221258	2384.41582618065	2335.44721069829	2288.29771082647	2242.93816023094	2199.32631796299	2157.41035269027	2117.13163538091	2078.42722308704	2041.23180724861	2005.47923427521	1971.10366096552	1938.04040800028
71	1988.07817911654	2113.7105027225	2404.81165591137	2674.87479274286	2913.27657768287	3118.9765266539	3292.01623894981	3433.10313242117	3543.86071112623	3627.38581834305	3688.11824844823	3730.92730627333	3760.20682449972	3779.46699152712	3791.3326820756	3797.70932511731	3799.96863058693	3799.10165492977	3795.83113775626	3790.69057569185	3784.07893089897	3737.41750001229	3679.44653283898	3617.00942190307	3552.68665373252	3487.55283168118	3422.07814153576	3356.47512275111	3290.84988120048	3225.27348574065	3159.8181526719	3094.57538243089	3029.66349296779	2965.22855926895	2901.43993097679	2838.4825370005	2776.54633003667	2715.81668105301	2656.46382859971	2598.63563403511	2542.45229057687	2488.00403084056	2435.35122754103	2384.52637882121	2335.53732833788	2288.37115684735	2242.99805270252	2199.37519111139	2157.45028114529	2117.16430378865	2078.45398678606	2041.25377877548	2005.4973057505	1971.11855353495	1938.05270496128
72	1988.38252810784	2113.90148731537	2404.86581838005	2675.02153416424	2913.58766815641	3119.51347834644	3292.82170939671	3434.19783878467	3545.24051522531	3629.02177917181	3689.96517166157	3732.93643442046	3762.33478545389	3781.67900929161	3793.60225806672	3800.01666974164	3802.2990203439	3801.44406417942	3798.17723241455	3793.03398077562	3786.4147108446	3739.67064484569	3681.58084041611	3619.01065695534	3554.54880241058	3489.27361506423	3423.65732054709	3357.91396263023	3292.15078349511	3226.44005860052	3160.8552101267	3095.48895952569	3030.46080565272	2965.91788472397	2902.03040676138	2838.98386041323	2776.96845371001	2716.16946466151	2656.75673412482	2598.87748091697	2542.6510846542	2488.1668719565	2435.48428637108	2384.63492757862	2335.62580810867	2288.44326588517	2243.05684232164	2199.4231610032	2157.48946875759	2117.19636338345	2078.48026734614	2041.27535491056	2005.51505314099	1971.13318000465	1938.06478301393
73	1988.68587394006	2114.09250740277	2404.91894975818	2675.16541772872	2913.89292991722	3120.04084197145	3293.61348069113	3435.27478197613	3546.59890272523	3630.63334442497	3691.78545628911	3734.91731920405	3764.43338839734	3783.86091246061	3795.84122152514	3802.29309492098	3804.59831475282	3803.75530957893	3800.49217579645	3795.34630503674	3788.71952727305	3741.89384011001	3683.68656699838	3620.98482569848	3556.38546881863	3490.97053671039	3425.21430462302	3359.33223255464	3293.43276867809	3227.58936004132	3161.87662387659	3096.38848951786	3031.245621425	2966.59620027643	2902.61127186185	2839.47688840599	2777.38348192545	2716.51623427302	2657.0445845973	2599.11510999035	2542.84638157505	2488.32682838792	2435.61497536593	2384.74153532125	2335.71270136863	2288.51407976185	2243.11457517325	2199.47026858332	2157.5279523517	2117.22784767558	2078.50606805445	2041.29653603539	2005.53247463149	1971.14753696599	1938.07663766934
74	1988.98827609321	2114.28355384943	2404.97114361168	2675.30653662801	2914.19254700297	3120.55891067846	3294.39195934109	3436.33447461676	3547.93644698057	3632.22119016185	3693.57983054295	3736.87072547154	3766.50342337525	3786.01350801171	3798.05039043757	3804.53942226811	3806.86734635503	3806.03622544263	3802.77679358106	3797.62837469495	3790.99420311643	3744.08788272342	3685.76447516146	3622.93265299324	3558.19733846961	3492.64424189638	3426.74967221347	3360.73049582972	3294.69635864609	3228.72187045808	3162.88283290599	3097.27437030988	3032.01829772687	2967.2638236463	2903.18281568944	2839.96186585019	2777.79162652304	2716.85717073137	2657.32753326505	2599.34865002482	2543.0382887322	2488.48398912292	2435.74336786534	2384.84626222645	2335.79805732201	2288.58363859885	2243.17128390174	2199.51654036539	2157.56575342746	2117.25877407046	2078.53141215413	2041.31734290157	2005.54958886999	1971.1616412632	1938.08828419916
75	1989.28971796377	2114.474617823	2405.0224323308	2675.44492179543	2914.48669531424	3121.0679786854	3295.15753466047	3437.37740861552	3549.25378986621	3633.78596504972	3695.3489933528	3738.79738748947	3768.54564891661	3788.13757081009	3800.2305502879	3806.75644371156	3809.10690711406	3808.28760482983	3805.03188720086	3799.88098323942	3793.2395289057	3746.25353800993	3687.81529720784	3624.8548348538	3559.98506952815	3494.29535007663	3428.26397006406	3362.10929305194	3295.94205416317	3229.83805069878	3163.87425824531	3098.14698345013	3032.77917725504	2967.92106026492	2903.74530409828	2840.43902720122	2778.193089177	2717.19244713468	2657.60572677828	2599.57822422567	2543.22690886994	2488.63843930108	2435.86953405117	2384.94916590316	2335.88192310345	2288.65198086693	2243.22699985156	2199.56200185547	2157.60289272106	2117.28915941348	2078.55631331874	2041.33778659615	2005.56640483177	1971.17550014441	1938.09972843509
76	1989.59020788518	2114.66569064537	2405.07284683012	2675.58077346469	2914.7755430747	3121.56828744368	3295.91057970993	3438.40405570517	3550.5514570982	3635.32829181792	3697.09361591298	3740.69801052721	3770.56079371334	3790.23384529849	3802.38245572723	3808.94492011735	3811.31776158567	3810.51021306563	3807.25821778972	3802.1048906977	3795.45626404274	3748.39154135311	3689.83973672355	3626.75203996619	3561.74929424839	3495.92445624396	3429.7578219581	3363.46914331134	3297.17033598297	3230.93834310561	3164.85130392864	3099.00669500287	3033.52858875322	2968.56820204234	2904.2989947416	2840.90859712769	2778.58806420356	2717.52222926195	2657.87930555302	2599.80395053867	2543.41234033528	2488.79026041681	2435.99354110719	2385.05030151308	2335.96434386499	2288.71914344381	2243.28175309792	2199.6066775596	2157.63939019174	2117.31901995815	2078.5807847838	2041.35787789648	2005.58293129061	1971.18912074785	1938.11097617761
77	1989.8897540136	2114.8567643701	2405.122416634	2675.71411568432	2915.05925126038	3122.06010754408	3296.65145217485	3439.41486851816	3551.82994713254	3636.8487686173	3698.81434312849	3742.57327237125	3772.54955815601	3792.30304708612	3804.50683229185	3811.10558312901	3813.50064443067	3812.70478573191	3809.45652030058	3804.30083744479	3797.64513872569	3750.50259974862	3691.83847014752	3628.62491110369	3563.49062031859	3497.53213220166	3431.2317302182	3364.81054531565	3298.38166589788	3232.02317248796	3165.81435788961	3099.85385637773	3034.26684768381	2969.2055295919	2904.84413473158	2841.37079104202	2778.97673749439	2717.84667597184	2658.14840411064	2600.02594193573	2543.59467731473	2488.93953051185	2436.11545337272	2385.14972189018	2336.04536286551	2288.78516167664	2243.33557248699	2199.65059100373	2157.67526502411	2117.34837135275	2078.60483931943	2041.37762723045	2005.59917676717	1971.20251003934	1938.12203312317
78	1990.18836433553	2115.04783085607	2405.17119587163	2675.8450261634	2915.33797399957	3122.54368553088	3297.38049518504	3440.41028159222	3553.08984442835	3638.34797029149	3700.51179496826	3744.42382473522	3774.51261578483	3794.34586439367	3806.60437774649	3813.23913629645	3815.65626223359	3814.87203038333	3811.62750169118	3806.46952131263	3799.8068553451	3752.58739324638	3693.81214804563	3630.47406645182	3565.20963211942	3499.1189277538	3432.68620959243	3366.13397844185	3299.57648772022	3233.09294703275	3166.76379279683	3100.68880502991	3034.99425698669	2969.83331227196	2905.38096119946	2841.82581559463	2779.35928732806	2718.16593957498	2658.41315139578	2600.24430668263	2543.77401005679	2489.08632435763	2436.23533248949	2385.24747765629	2336.12502155941	2288.8500694479	2243.38848568122	2199.69376476197	2157.71053564157	2117.37722864081	2078.62848921955	2041.39704465536	2005.61514949866	1971.21567477371	1938.1329048173
79	1990.48604667518	2115.2388824042	2405.21916035732	2675.97357926877	2915.61185894584	3123.01925783155	3298.09803808149	3441.39071231089	3554.33162907725	3639.82644956748	3702.18656773241	3746.25029458033	3776.45061464652	3796.36295945292	3808.67576353973	3815.34625667198	3817.78529498637	3817.01262795821	3813.77184233314	3808.61162335273	3801.94208988341	3754.64657631063	3695.76139648623	3632.3001008493	3566.90689190266	3500.68537182015	3434.12175520769	3367.43990372085	3300.75522820099	3234.14805915608	3167.69996685711	3101.51186528608	3035.7111076855	2970.45180877326	2905.9097018189	2842.27386913588	2779.73588477311	2718.48016618229	2658.67367107347	2600.45914858986	2543.95042508118	2489.23071362752	2436.35323754146	2385.34361733285	2336.20335968428	2288.913899242	2243.44051920867	2199.73622049089	2157.74521972765	2117.4056062715	2078.6517463026	2041.41613985044	2005.63085742407	1971.22862147313	1938.14359662044
80	1990.78280870108	2115.42992862633	2405.26636115474	2676.09984620909	2915.88104762637	3123.48705119904	3298.8043971332	3442.35656178424	3555.55573115054	3641.28473817119	3703.83923523999	3748.05328535348	3778.36417856658	3798.35496980172	3810.72163612212	3817.42759612911	3819.88839741057	3819.12723410134	3815.89019733304	3810.72779699603	3804.05149322726	3756.68077909254	3697.68681824151	3634.10358695194	3568.58294089626	3502.23197348284	3435.53884355386	3368.72876476033	3301.91829789072	3235.18888630203	3168.62322450238	3102.32334893166	3036.41767949863	2971.06126766853	2906.43057529611	2842.71514214814	2780.1066940655	2718.78949603074	2658.93008180754	2600.67056724789	2544.1240053753	2489.37276705919	2436.46922518731	2385.43818744791	2336.28041534584	2288.97668221181	2243.49169851379	2199.77797896687	2157.77933425232	2117.43351811641	2078.67462192054	2041.43492211861	2005.64630817607	1971.24135640666	1938.15411370598
81	1991.07865793247	2115.62092847694	2405.31282296867	2676.22389520538	2916.14567573466	3123.94728360062	3299.49987620895	3443.30821567399	3556.76262873429	3642.72334787358	3705.47034994316	3749.83337814873	3780.25390834303	3800.3225094992	3812.74261817502	3819.48378259653	3821.96620019812	3821.21648040563	3817.98319826128	3812.81867171455	3806.13569239904	3758.69060862387	3699.58899393254	3635.88507632442	3570.2383003412	3503.75922296431	3436.93793340714	3370.00098861029	3303.06609194642	3236.21579169742	3169.53389714394	3103.12355586653	3037.11424141197	2971.6619279277	2906.94379182845	2843.14981765055	2780.47187296161	2719.09401961567	2659.1824975212	2600.8786582473	2544.29483057874	2489.51255060751	2436.58334978614	2385.53123263805	2336.35622509985	2289.03844824376	2243.54204800818	2199.81906012526	2157.81289550132	2117.46097749066	2078.69712697138	2041.45340039209	2005.66150909653	1971.25388562997	1938.16446107207
82	1991.37360174525	2115.81189181378	2405.35856946046	2676.34579165113	2916.40587358406	3124.40016407149	3300.18476740627	3444.24604496751	3557.95276033473	3644.14277147266	3707.08044397343	3751.59113279793	3782.1203828674	3802.26617026699	3814.73930976476	3821.51542122447	3824.01931117688	3823.28097557829	3820.05145224276	3814.88485418269	3808.19529171369	3760.67664993805	3701.46848310462	3637.64510046592	3571.87347246503	3505.26759254926	3438.31946669687	3371.25698657553	3304.19899089049	3237.22912503486	3170.43230377618	3103.91277469674	3037.80105221573	2972.25401940047	2907.44955353461	2843.5780715781	2780.83157306929	2719.39395427904	2659.43102764121	2601.0835133857	2544.46297715641	2489.65012758828	2436.69566351569	2385.62279574512	2336.43082403058	2289.09918289919	2243.59159112085	2199.85948309996	2157.84591910647	2117.48799717561	2078.71927192141	2041.47158325716	2005.67646723662	1971.26621493978	1938.174643493
83	1991.66764737752	2116.00281193343	2405.40362330359	2676.46559826194	2916.66176613302	3124.84589361363	3300.85935164204	3445.17040670396	3559.12655031702	3645.54348371598	3708.67002871724	3753.32708889561	3783.96416017834	3804.1865225619	3816.71228942759	3823.52306687879	3826.04831640603	3825.32130653696	3822.09554636585	3816.92692936893	3810.23087386603	3762.63946712403	3703.32582523807	3639.38417177381	3573.48894139694	3506.75753744993	3439.68386931996	3372.4971549789	3305.31735981393	3238.2292231585	3171.31875159665	3104.69128329029	3038.47836100848	2972.8377632696	2907.94805485791	2844.00007313741	2781.18594015799	2719.68938043995	2659.67577732693	2601.28522086128	2544.62851856117	2489.78555881363	2436.80621648407	2385.71291790771	2336.50424582529	2289.15899980782	2243.64035034671	2199.89926626181	2157.87842007736	2117.5145894462	2078.74106682042	2041.4894789536	2005.69118936556	1971.27834990954	1938.18466556989
84	1991.96080193488	2116.1936823635	2405.4480062364	2676.58337521529	2916.91347346684	3125.28466537768	3301.52389920625	3446.08164465662	3560.28440523665	3646.92594216764	3710.23960179464	3755.04176676282	3785.78577845241	3806.08411658482	3818.66211518997	3825.50733924182	3828.05378120666	3827.338039441	3824.11604634534	3818.94546156278	3812.24300095364	3764.57960431761	3705.16154069901	3641.1027844503	3575.08517402823	3508.22949661937	3441.03155190663	3373.72187587924	3306.42155535289	3239.21640953551	3172.19353668719	3105.45934929906	3039.14640767051	2973.41337247618	2908.4394829452	2844.4159851403	2781.53511445003	2719.98041804125	2659.91684768511	2601.48386545501	2544.79152538635	2489.91890271896	2436.9150568348	2385.80163864752	2336.5765228448	2289.21788245675	2243.68834729333	2199.93842725772	2157.91041283221	2117.54076609281	2078.76252132209	2041.50709539754	2005.70568198589	1971.29029589036	1938.19453171427
85	1992.25307239536	2116.3844968545	2405.49173911111	2676.69918028158	2917.16111096956	3125.7166652317	3302.17867028269	3446.98008997411	3561.42671777055	3648.29058802418	3711.78962994682	3756.73566835432	3787.58575693692	3807.95948323045	3820.58932552933	3827.46875313031	3830.03625113188	3829.33172076029	3826.11349813061	3820.9409953416	3814.23221543981	3766.49758652726	3706.97613163447	3642.80141535572	3576.66262082233	3509.6838935172	3442.36291054111	3374.93151774623	3307.5119163974	3240.19099952312	3173.05694375742	3106.21723064977	3039.80542330873	2973.98105211965	2908.9240180024	2844.8259643175	2781.87923089394	2720.26718198979	2660.15433597154	2601.67952870098	2544.95206550929	2490.05021548235	2437.02223084565	2385.88899595072	2336.64768619024	2289.27585626902	2243.7356027255	2199.97698304527	2157.94191122518	2117.56653844412	2078.78364470131	2041.52444019395	2005.71995134389	1971.30205802217	1938.20424616404
86	1992.54446561412	2116.57524937303	2405.53484193958	2676.81306894739	2917.40478956626	3126.14207199517	3302.82391543797	3447.86606178358	3562.5538665516	3649.63784604797	3713.32058947019	3758.40927811281	3789.36459682831	3809.81313498191	3822.4944402789	3829.40783286537	3831.99625288083	3831.30287536238	3828.08842677421	3822.91405386984	3816.19904106063	3768.39392105038	3708.77008281539	3644.48052481232	3578.22171657758	3511.12113683043	3443.67832744027	3376.12643549123	3308.58877164903	3241.15329368246	3173.90924856839	3106.96517706102	3040.45563067539	2974.54099983352	2909.40183362947	2845.23016161321	2782.21841942136	2720.54978305654	2660.38833578058	2601.87228904715	2545.11020422569	2490.17955113687	2437.12778302158	2385.97502634463	2336.71776576585	2289.3329456878	2243.78213660668	2200.01494992716	2157.97292857548	2117.59191739127	2078.80444587492	2041.54152065422	2005.73400344497	1971.31364124671	1938.21381299373
87	1992.83498832771	2116.76593409453	2405.57733393661	2676.92509453021	2917.64461594463	3126.56105781286	3303.45987608193	3448.73986775867	3563.66621682494	3650.96812888113	3714.83291652988	3760.06306214779	3791.12278210029	3811.64556675406	3824.3779614808	3831.32508484341	3833.93429516027	3833.25201876115	3830.04134591604	3824.86515079437	3818.14398135986	3770.26909722829	3710.54386243162	3646.14053421665	3579.76288114628	3512.5416211532	3444.97817159302	3377.30697361737	3309.65243831241	3242.10358324004	3174.75071643228	3107.70342562083	3041.09724696654	2975.09340613957	2909.87309713477	2845.62872246241	2782.55280518864	2720.82832791463	2660.61893722312	2602.0622220059	2545.26600437648	2490.30696167602	2437.23175618214	2386.05976496956	2336.78679033827	2289.38917422488	2243.82796813895	2200.052343584	2158.00347769367	2117.61691340959	2078.82493341936	2041.55834381077	2005.7478440653	1971.32505031728	1938.22323612252
88	1993.12464715845	2116.9565453986	2405.61923356006	2677.03530828719	2917.88069276245	3126.97378847952	3304.08678490098	3449.60180465424	3564.76412106679	3652.28183189716	3716.32704007467	3761.69747586915	3792.8607802849	3813.45725668901	3826.24037419076	3833.22099834641	3835.85086949747	3835.17963912856	3831.97274491108	3826.79477349756	3820.06750932079	3772.12358830178	3712.29792284167	3647.78191911728	3581.28652011295	3513.94572762745	3446.26279936334	3378.47346273806	3310.70322265368	3243.04214932576	3175.58160342838	3108.43220973566	3041.73047338378	2975.6384580755	2910.33796983176	2846.02178705162	2782.88250880437	2721.10291933556	2660.84622709422	2602.24940029586	2545.41952646665	2490.43249715285	2437.33419154366	2386.14324564673	2336.85478759201	2289.44456450648	2243.87311580037	2200.08917910478	2158.03357090695	2117.64153657909	2078.84511558739	2041.5749164307	2005.76147876338	1971.33628980813	1938.232519322
89	1993.41344861815	2117.14714028759	2405.660558549	2677.14375951643	2918.11311884291	3127.38042373847	3304.70486626631	3450.45215881085	3565.84791956799	3653.57933808816	3717.80337451106	3763.31295376702	3794.57904320983	3815.24866690703	3828.08214723788	3835.09604630664	3837.7464505957	3837.08621271007	3833.88309928843	3828.70339633106	3821.970136252	3773.95785161275	3714.03270128055	3649.40507167289	3582.79302543437	3515.33382454799	3447.53255505942	3379.62622297046	3311.74142048773	3243.9692634307	3176.40215681897	3109.15175267009	3042.35551401355	2976.17632470938	2910.79661068051	2846.40949610021	2783.20764654323	2721.37365637362	2661.07028903074	2602.43389397537	2545.57082877728	2490.55620577347	2437.43512879654	2386.22550094202	2336.92178418202	2289.49913831601	2243.91759738004	2200.12547101558	2158.06322008256	2117.66579660359	2078.86500032394	2041.59124502872	2005.77491289036	1971.34736412284	1938.24166622324
90	1993.70139911192	2117.33759049594	2405.70132595916	2677.25049565273	2918.34198935804	3127.78111756655	3305.31433661858	3451.29120663015	3566.91794098452	3654.86098734393	3719.26232035205	3764.90991785806	3796.27800769471	3817.02024421592	3829.90373394213	3836.95068602935	3839.62149879922	3838.97219986957	3835.7728688885	3830.59147799897	3823.8522982883	3775.77232940878	3715.74862052845	3651.01039191937	3584.28277484458	3516.70626793352	3448.78777132426	3380.7655636808	3312.7673176466	3244.88518783934	3177.2126154431	3109.86227006107	3042.97256169962	2976.70718280475	2911.24916137074	2846.79196608031	2783.52833625288	2721.64063454012	2661.29120365985	2602.61577056814	2545.71996747104	2490.67813398483	2437.53460617815	2386.30656222595	2336.98780578292	2289.5529166347	2243.96143001136	2200.16123330672	2158.0924366498	2117.68970282896	2078.88459528079	2041.60733587925	2005.78815160014	1971.35827750283	1938.25068032349
91	1993.9885049417	2117.52795159114	2405.74155219643	2677.35556235754	2918.56739600202	3128.17601844299	3305.91540483117	3452.11921502424	3567.97450285795	3656.12719720393	3720.70426483039	3766.48877624349	3797.95809620928	3818.77242078133	3831.70557279276	3838.78535987562	3841.47645801149	3840.83804575241	3837.64249854798	3832.45946224088	3825.71443745772	3777.56744950245	3717.44608954273	3652.59827119132	3585.75613739646	3518.06340206651	3450.02877026601	3381.89178395678	3313.78119042184	3245.79017603836	3178.01321008944	3110.56397025046	3043.58180276079	2977.23119727787	2911.69577277227	2847.16933334488	2783.84467312261	2721.90395370214	2661.509048739	2602.79509518158	2545.86699669151	2490.7983265574	2437.6326605412	2386.3864597303	2337.05287713552	2289.60591967952	2244.00463020302	2200.19647945808	2158.12123162094	2117.71326425988	2078.90390783052	2041.62319502785	2005.80119985868	1971.36903403493	1938.25956499266
92	1994.27473745482	2117.71818469254	2405.78125304835	2677.45900360366	2918.78942715382	3128.56526960201	3306.50827255273	3452.93644183937	3569.01791210654	3657.37828380834	3722.12958247832	3768.04992371412	3799.61971749583	3820.505614761	3833.48808808978	3840.60049590837	3843.31175830778	3842.68418113394	3839.49241874769	3834.30777847803	3827.55698152558	3779.34362589483	3719.12550405573	3654.16908294182	3587.21346626767	3519.40556000366	3451.25586294298	3383.00517305711	3314.78330598299	3246.68447310309	3178.80416384942	3111.25705460117	3044.18341726353	2977.74852753335	2912.13658465773	2847.5417175524	2784.15676931904	2722.16368509302	2661.72390862344	2602.9719306186	2546.01196865683	2490.9168266634	2437.72932741861	2386.46522260121	2337.11702209047	2289.65816693906	2244.04721386828	2200.23122246318	2158.14961561079	2117.73648957615	2078.92294507969	2041.638828302	2005.81406245294	1971.37963765478	1938.26832347342
93	1994.56017206999	2117.90835215569	2405.82044371829	2677.56086175489	2919.00816803121	3128.94900927179	3307.09313453099	3453.74313625692	3570.04846549028	3658.61458169066	3723.53863567113	3769.59374232291	3801.26326715813	3822.22023090472	3835.25169055121	3842.39650850381	3845.12781602277	3844.5110230334	3841.32304622595	3836.13684242496	3829.38034460369	3781.10125936561	3720.78724601559	3655.72319088533	3588.65510463127	3520.73306260233	3452.4693505287	3384.10601083662	3315.77392277321	3247.56831606336	3179.58569245174	3111.94171779809	3044.7775792833	2978.25932770142	2912.57173171909	2847.90923598935	2784.4647255865	2722.41992506915	2661.93583433029	2603.14634764591	2546.15493374805	2491.03367595016	2437.82464108425	2386.5428789496	2337.18026364969	2289.70967720736	2244.0891963529	2200.26547485174	2158.17759885519	2117.75938714759	2078.94171388115	2041.65424132002	2005.8267439971	1971.39009216994	1938.27695891141
94	1994.84478033994	2118.09841636751	2405.85913883782	2677.66117764143	2919.22370083559	3129.32737090015	3307.67017891849	3454.53953917271	3571.0664500504	3659.83641457402	3724.9317751641	3771.12060192708	3802.88912646367	3823.91666112257	3836.99677788804	3844.17379887602	3846.92503433145	3846.31897529535	3843.13478455928	3837.94705666876	3831.18492772741	3782.84073672783	3722.4316890211	3657.26094707441	3590.08138474424	3522.04622623063	3453.66952455001	3385.19456814879	3316.75329088403	3248.44193424977	3180.35800457952	3112.61814813393	3045.36445715447	2978.7637467559	2913.00134458354	2848.27200201361	2784.76863925974	2722.67275637487	2662.14490773267	2603.31838139775	2546.29595068589	2491.14891460989	2437.9186346106	2386.61945589846	2337.2426240051	2289.7604686158	2244.13059246094	2200.29924871104	2158.20519122842	2117.78196504808	2078.96022084519	2041.66943950561	2005.83924894861	1971.40040124056	1938.28547432144
95	1995.12856818555	2118.28837294473	2405.89735251361	2677.75999063051	2919.43610488895	3129.70048336725	3308.23958756217	3455.32588355521	3572.07214352566	3661.04409574944	3726.30934056283	3772.63086070154	3804.49767032359	3825.59528502348	3838.72373534906	3845.93275585739	3848.70380379973	3848.10842914074	3844.92802471278	3839.73881121795	3832.97111940246	3784.56243691584	3724.0591907578	3658.78269256707	3591.49262840625	3523.34534876183	3454.85666729444	3386.27110722684	3317.72165240997	3249.30554962166	3181.12130217096	3113.28652778104	3045.94421371006	2979.2619288348	2913.42554958382	2848.63012519922	2785.06860441078	2722.92225897739	2662.35119783584	2603.48810243023	2546.43504311193	2491.26259067477	2438.01135149375	2386.69497962767	2337.3041245755	2289.81055866319	2244.17141647949	2200.33255570597	2158.23240225954	2117.80423107033	2078.97847235285	2041.68442808903	2005.85158160279	1971.41056840376	1938.29387262042
96	1995.41154143957	2118.47821765793	2405.93509833993	2677.85733869359	2919.64545676345	3130.06847118731	3308.80153627689	3456.10239478545	3573.06581474634	3662.23792865313	3727.67166079874	3774.12486562576	3806.08925587992	3827.25647042551	3840.43293623745	3847.67375604625	3850.46450290643	3849.87976368934	3846.70314556205	3841.51248402298	3834.7392961234	3786.26672256069	3725.67009945692	3660.28875775757	3592.88914739443	3524.63072434743	3456.03105219621	3387.33588204507	3318.67924178475	3250.15937707801	3181.8757807043	3113.94703304395	3046.51700652251	2979.75401339668	2913.84446890312	2848.98371149909	2785.36471198856	2723.16851018333	2662.55476891289	2603.65556510428	2546.57227049897	2491.37472019342	2438.10279566493	2386.76948472437	2337.36479671221	2289.85996424421	2244.21168220196	2200.36540709829	2158.25924114847	2117.8261927365	2078.99647456267	2041.69921212113	2005.86374610889	1971.42059707451	1938.30215662448
97	1995.69370584921	2118.66794642702	2405.97238942329	2677.95325846939	2919.85183040343	3130.43145469941	3309.35619510491	3456.86929097856	3574.04772400903	3663.41820716929	3729.01905457031	3775.60295292829	3807.66423149265	3828.90057384014	3842.12474240079	3849.39716456828	3852.20749853847	3851.63334645534	3848.46051438821	3843.26844147004	3836.48982286554	3787.9539468763	3727.26475266573	3661.77946287633	3594.27124387587	3525.90263666956	3457.19294420238	3388.38913866117	3319.62628610013	3251.00362475214	3182.62162946787	3114.59983462449	3047.08298810975	2980.24013539624	2914.25822075177	2849.33286339968	2785.65704995129	2723.41158475012	2662.75568392315	2603.82082200003	2546.7076764281	2491.48535245725	2438.19301336997	2386.84297382806	2337.42462837714	2289.90870167634	2244.25140295012	2200.39781376426	2158.28571677986	2117.84785731166	2079.01423342315	2041.71379648009	2005.87574647427	1971.43049055103	1938.31032905359
98	1995.97506707863	2118.85755531552	2406.00923841199	2678.0477853241	2920.05529724127	3130.78955024764	3309.90372856125	3457.62678328907	3575.01812343018	3664.58521605633	3730.35183076284	3777.0654485821	3809.22293489409	3830.52793860537	3843.79950469614	3851.103335472	3853.93314646096	3853.36953381786	3850.20048734792	3845.00703884972	3838.2230535519	3789.6244523726	3728.84347768164	3663.25511841152	3595.63921079912	3527.16136072736	3458.34260012018	3389.43111554134	3320.56300540818	3251.83849429138	3183.35903181484	3115.24509783439	3047.64230614714	2980.72042547366	2914.66691953498	2849.67768006715	2785.94570339251	2723.65155499193	2662.95400376739	2603.98392398523	2546.84130307583	2491.59452221171	2438.28203307234	2386.91548002019	2337.48367088326	2289.95678672521	2244.29059159475	2200.42978621183	2158.3118377375	2117.86923181481	2079.03175468131	2041.72818587885	2005.88758657068	1971.44025202005	1938.31839253571
99	1996.25563071129	2119.04704052638	2406.04565750357	2678.14095340737	2920.25592630683	3131.14287035231	3310.44429586665	3458.37507619976	3575.97725728207	3665.73923131887	3731.67028884634	3778.51266865779	3810.76569361107	3832.13890522127	3845.45756343182	3852.79261217366	3855.64179176365	3855.08867146782	3851.92340991964	3846.72862080224	3839.93933149665	3791.27857128518	3730.40659196153	3664.71602550109	3596.99333226573	3528.40716318805	3459.48026894681	3390.46204386884	3321.48961300823	3252.66418112202	3184.08816541722	3115.88298282196	3048.19510366845	2981.19501013437	2915.070676012	2850.01825748673	2786.23075466058	2723.88849088084	2663.14978737107	2604.14492028167	2546.97319126443	2491.70226310352	2438.36988018338	2386.98703523834	2337.54193221454	2290.00423462867	2244.32926057536	2200.46133459668	2158.3376123174	2117.89032302962	2079.0490438915	2041.74238487238	2005.89927014016	1971.44988456152	1938.32634961093
100	1996.53540225214	2119.23639839698	2406.08165847597	2678.23279570599	2920.45378433117	3131.49152387188	3310.9780511682	3459.1143677964	3576.92536231254	3666.88052056119	3732.9747192535	3779.94491973976	3812.29282533355	3833.73379589279	3847.09924878427	3854.4653278799	3857.33376928509	3856.79109483243	3853.62961732786	3848.43352174043	3841.63898983914	3792.91662598344	3731.95440351388	3666.1624763053	3598.33388410159	3529.64030272009	3460.60619218269	3391.48214783671	3322.40631571957	3253.48087470124	3184.80920248287	3116.5136447849	3048.74151925615	2981.66401191959	2915.46959744694	2850.35468859451	2786.5122834728	2724.12246014303	2663.34309176414	2604.30385852926	2547.10338051128	2491.8086171769	2438.4565865942	2387.05765539065	2337.59943040857	2290.05106011966	2244.36742191893	2200.49246873749	2158.36304854019	2117.9111375145	2079.06610642377	2041.75639786462	2005.91080080068	1971.45939115334	1938.33420273514
