0	1	1.1	1.2	1.3	1.4	1.5	1.6	1.7	1.8	1.9	2	2.1	2.2	2.3	2.4	2.5	2.6	2.7	2.8	2.9	3	3.5	4	4.5	5	5.5	6	6.5	7	7.5	8	8.5	9	9.5	10	10.5	11	11.5	12	12.5	13	13.5	14	14.5	15	15.5	16	16.5	17	17.5	18	18.5	19	19.5	20
1	491.552068300856	491.886024821681	471.030748490335	453.435102430466	438.551778289634	425.784442049892	414.707437299977	405.019637071176	396.47625746019	388.869014854969	382.028356308504	375.822155750101	370.148987062668	364.930554179051	360.105452165743	355.624614188202	351.448085204257	347.542808804164	343.881022937403	340.439121158795	337.196814022961	323.433304752243	312.73912075749	304.20138942656	297.24676537964	291.493011811421	286.674137138243	282.598805287904	279.125652321236	276.147886943241	273.583276663273	271.367428311003	269.449145020296	267.787138269702	266.347641847725	265.102656973655	264.02862356302	263.105411890047	262.315549304997	261.643627550814	261.075854206188	260.599737078477	260.203855856625	259.877736163541	259.611775704555	259.397221633118	259.226169869831	259.091568669936	258.987212608201	258.907718773761	258.848485113656	258.805622001728	258.775891227176	258.756619466403	258.745621233338
1.01325	491.549864616742	491.883030193809	471.020501383749	453.414754870994	438.5217787094	425.746440862215	414.663155235432	404.970646971863	396.423939875328	388.814496567525	381.972492540428	375.765566413098	370.092111426858	364.87370092346	360.048837650729	355.568389915758	351.392356721006	347.487649129112	343.826481760339	340.385231341278	337.143596214398	323.383516842787	312.692610012819	304.157904210124	297.206065983768	291.454894189921	286.638433975504	282.565381092598	279.09439769295	276.118713240867	273.556111318491	271.342210737284	269.425822954534	267.765664413397	266.327970694784	265.084741825614	264.012413624816	263.090850032478	262.302569540195	261.632153829063	261.0657997019	260.591004572805	260.19633913233	259.871322408146	259.606348596856	259.392664836897	259.22237035971	259.088419727231	258.984616059948	258.905586426054	258.846739407104	258.804195912907	258.774727780229	258.755670837216	258.744847702637
2	491.424977357687	491.746959870484	470.546608146294	452.437904574407	437.041068017385	423.83513068888	412.406485874127	402.450217624512	393.713780457264	385.976593982965	379.054739730995	372.803032335662	367.109794961498	361.889232933464	357.074605121319	352.613070546418	348.462031439864	344.586541178657	340.957487806227	337.55029188608	334.343961383982	320.7654581898	310.249195283195	301.876332810667	295.073939766786	289.461603416594	284.775241876993	280.825187847352	277.471438985934	274.608278706402	272.154294467457	270.045684629614	268.231638701458	266.671065377821	265.330217921281	264.180952574988	263.199414178162	262.365050967838	261.659873959747	261.067906662287	260.574794977418	260.167537949247	259.834330746132	259.56446568312	259.348296578768	259.177212867542	259.043621645522	258.940916482976	258.863427812995	258.806354670302	258.765681857986	258.738088670666	258.720855475732	258.711773429678	258.709061061112
3	491.330133711309	491.679224660384	470.312479354282	451.925622701794	436.227872288768	422.751280551369	411.097590401194	400.964133789295	392.096588271246	384.268702582522	377.288342005899	371.00215389073	365.291741358923	360.066276438267	355.255394499037	350.803703078696	346.666793000291	342.808426222604	339.198574932219	335.811997952049	332.627220458433	319.161121067009	308.754200173746	300.483312670682	293.775525673901	288.251408432096	283.647964992137	279.776483060987	276.497745602666	273.706629565371	271.322168007253	269.280856823367	267.532050979767	266.034701879112	264.754997807676	263.664624256607	262.73947631703	261.958690863637	261.303936622021	260.758898673142	260.308924983771	259.94079684244	259.642587779061	259.403593910728	259.214283254686	259.066267145103	258.952253712575	258.865989481235	258.802181645062	258.756405563368	258.725003563854	258.704981622951	258.69390956661	258.689828849691	258.691170300463
4	491.246020497732	491.63446114109	470.166194926785	451.593840707742	435.685047157202	422.011734817676	410.190235027049	399.921776071501	390.952375854664	383.052723128405	376.025160323394	369.71036790066	363.984865259449	358.753936770754	353.944403209778	349.498863025674	345.371489898917	341.525044561337	337.928778909734	334.556928912367	331.387647432993	318.003172597296	307.676319511753	299.480442165494	292.842464607457	287.383602881587	282.841608217046	279.028431443781	275.805388602047	273.067773767681	270.734906310281	268.743461197676	267.042879343418	265.592105260242	264.357239417435	263.309810515883	262.425504240235	261.683216363201	261.064368697961	260.552421016267	260.132545581388	259.791418637918	259.517097430217	259.298944829663	259.127579635491	258.994827980922	258.893656796888	258.818094089241	258.763132091669	258.724619795388	258.699151558509	258.683958040814	258.676804256864	258.675897787667	258.679808588248
5	491.167126783579	491.600098296506	470.063190117693	451.354290332018	435.284266359965	421.456449150697	409.500469767485	399.121989148779	390.068290534573	382.108409919766	375.040667072163	368.701062974296	362.961993284099	357.725538568028	352.916186998742	348.4748651793	344.35455714297	340.517186067386	336.931400706544	333.571012425797	330.413853029064	317.093767175822	306.830494370444	298.694390313567	292.112177953113	286.705537632727	282.212782225813	278.446364692204	275.268005436638	272.57330212964	270.281783462028	268.330245685663	266.668173035415	265.254481164289	264.055179140849	263.041653481883	262.189412503021	261.477158644196	260.886126538993	260.39961820626	260.002697404367	259.681996164004	259.42559835701	259.222961914487	259.06485913148	258.943313089408	258.851512975138	258.783718692719	258.735149793952	258.701868147691	258.680660372848	258.668925856832	258.664574355023	258.66593539824	258.671680250137
6	491.09130180013	491.571241244017	469.9853736976	451.169883200599	434.970227965442	421.015345868611	408.94690677265	398.475124425722	389.349028574855	381.336814952511	374.233766409774	367.872046739987	362.120575578589	356.878693375892	352.068866968316	347.630582165458	343.515804585992	339.685713020387	336.108442058366	332.757426105585	329.610233273901	316.343453185609	306.133114119101	298.046919864427	291.511362168066	286.148473656211	281.697012230484	277.969831369702	274.828972636716	272.170271405335	269.913412663461	267.995285724729	266.365386856974	264.982594908606	263.812829252576	262.82734795746	262.001506475258	261.313849626695	260.745464952905	260.27954082587	259.901074337454	259.59668795547	259.354515539498	259.164119517871	259.016420594393	258.9036201681	258.819101431207	258.757320161537	258.713683888001	258.684427461959	258.666491567083	258.65740929199	258.655204059658	258.658300483551	258.665448365387
7	491.017495988323	491.545525013923	469.923779875398	451.021752143479	434.71424433384	420.651606956907	408.486419801281	397.933400610779	388.743577564721	380.684841303247	373.550104781277	367.168310181573	361.405367286692	356.15820442376	351.347507898143	346.911481855117	342.801175935374	338.977133941398	335.407016341974	332.063928302517	328.925194587399	315.703974739358	305.539097033281	297.49587871829	291.000557881651	285.675446545092	281.259667778232	277.566405747877	274.457966068174	271.830376875482	269.603447852054	267.714128304092	266.111925932578	264.755668302076	263.611190983114	262.649635729999	261.846225350794	261.179371887028	260.630046848637	260.181355130465	259.818254868493	259.527380595159	259.296928453455	259.116566957077	258.977360313007	258.871669236775	258.79304873556	258.736123761273	258.696461409322	258.670441435967	258.655132220566	258.648176728859	258.647691160392	258.652177313252	258.660448467958
8	490.945160733802	491.521659633743	469.873376823637	450.89907781687	434.499609536893	420.343556579947	408.093432916039	397.468336930501	388.221422884065	380.120654504237	372.957045077597	366.556791135838	360.783128596844	355.530846303302	350.719023575752	346.28470587151	342.178119981448	338.359225766733	334.795267847474	331.459043979748	328.327664547654	315.146269199083	305.021306081224	297.015901808818	290.556039584418	285.264250115893	280.879965631263	277.216650003908	274.136831402994	271.536698236474	269.336160661859	267.472213374937	265.894360000505	264.561380503474	263.439028677098	262.498340611348	261.71442260637	261.065574218031	260.53267348351	260.098764078313	259.748784461515	259.469394770882	259.248859927489	259.07695689112	258.944879912123	258.845138362046	258.771439755991	258.718557461031	258.682196739949	258.658861453183	258.645728484123	258.640533512159	258.641470596942	258.647106031714	258.656305958332
9	490.873942410527	491.498882305736	469.831087432154	450.795132558573	434.31577624771	420.077390193116	407.751552383951	397.061592018091	387.762864149992	379.62364459684	372.433436105069	366.016031797457	360.232288054493	354.975044520408	350.16192126689	345.72890690142	341.625476094458	337.811046980321	334.25248061867	330.922308951175	327.797433325137	314.651443207961	304.562108546454	296.590522974342	290.162410876651	284.900485255313	280.544441164025	276.907983848264	273.853832502707	271.278311315653	269.101412885051	267.260165250207	265.704061520363	264.391832975312	263.28915562338	262.36697093041	261.60028001399	260.967286889314	260.448793637418	260.027799449085	259.6892369745	259.419801366464	259.207830393133	259.043204576479	258.917242799343	258.822590016775	258.753091161406	258.703651509199	258.670097773663	258.649042071646	258.637755174783	258.634052577712	258.636195070439	258.642804026629	258.652790607203
10	490.803619114804	491.476714259493	469.794907371234	450.705469488136	434.15570079087	419.843793244154	407.449652320629	396.700675869394	387.354428540256	379.179702083481	371.964768078426	365.531306331712	359.73802531675	354.4759786218	349.661438061283	345.229418207968	341.128694336144	337.318194407771	333.764424848534	330.439654284828	327.320611601223	314.206512935244	304.149387595166	296.208428480928	289.809104886935	284.574275658678	280.243866319829	276.631793015677	273.600941340674	271.047752194763	268.892286744091	267.071597263723	265.535159720635	264.241663532198	263.156704839185	262.25113886901	261.499874773703	260.881033651093	260.375355567555	259.965808136374	259.63732843086	259.376652866748	259.172193593701	259.013931476026	258.893302631794	258.803077049315	258.73722451093	258.690768783326	258.659644710013	258.6405600463	258.630868077606	258.628454100512	258.631637045944	258.639086135966	258.64975154854
11	490.73404012857	491.454842574091	469.763466232655	450.627009240164	434.014454658435	419.636195581639	407.179843389583	396.376691344292	386.986510565677	378.778740388575	371.540663324122	365.092076747532	359.289726289984	354.023019981804	349.206980462685	344.775714045175	340.677346868988	336.870341816644	333.320883542534	330.00099410994	326.887230774056	313.802163297487	303.774454604118	295.861513349157	289.488550264137	284.278549574281	279.971638207444	276.381918867117	273.372423771542	270.839694597024	268.7038522595	266.901964220267	265.383488905305	264.107068167361	263.038228526387	262.147743968625	261.41044122719	260.804369524656	260.310218212637	259.910933480753	259.591464518955	259.338593250295	259.140806526486	258.988182032373	258.872266338502	258.785945281448	258.723302898922	258.679470342016	258.650479694679	258.633124187436	258.624830484125	258.623545707355	258.627640121251	258.635825086917	258.647085075703
12	490.665098757451	491.433056900655	469.735790288429	450.557539144824	433.888450156208	419.449796778921	406.936333242641	396.083085792627	386.652010400791	378.413297975837	371.153432102816	364.690524030633	358.87951571037	353.608286113783	348.790690899088	344.359985603818	340.263687563853	336.459825819937	332.914269719603	329.598834540255	326.489899611122	313.431481104838	303.430862846751	295.543760091343	289.195132791547	284.008067489535	279.722867908208	276.153804844836	273.164040943739	270.650206959912	268.53247263433	266.747917277861	265.245978845732	263.985252477883	262.931198822412	262.054516894945	261.329959229759	260.735512473113	260.251824560976	259.861828375695	259.550491092627	259.304643008748	259.112845234298	258.965268685276	258.853564195284	258.770725422205	258.710941608844	258.669441956271	258.642346742353	258.626526304033	258.619473212783	258.619189929896	258.624092539129	258.632929932276	258.644717071449
13	490.59671686104	491.411213333729	469.711154868172	450.495420735362	433.775011911165	419.280987527472	406.714743885652	395.814894251668	386.345538062362	378.077699585309	370.797220794809	364.320691264755	358.501388000237	353.225766260045	348.406576242147	343.976276004101	339.881808818535	336.080794432624	332.538809647867	329.227456957933	326.12297097606	313.089191853286	303.11369504613	295.250588454318	288.924577718795	283.758838235648	279.493833582018	275.94398454816	272.972570710641	270.476301645583	268.375388688967	266.606918674324	265.120307506801	263.874104661134	262.833708409627	261.969748384018	261.256910065787	260.67312544612	260.199008795655	259.817486263214	259.513547533819	259.274073173108	259.087697627542	258.944681509892	258.8367742823	258.757070357051	258.699856370824	258.660451626931	258.635056971382	258.620612846961	258.614671520682	258.615285423544	258.620911912904	258.630333622709	258.642592886962
14	490.528835555443	491.389212598338	469.689042714427	450.439410040753	433.672092218601	419.126982360939	406.511698975427	395.568266197485	386.062904446656	377.767527925612	370.467468797237	363.977939921954	358.150669150984	352.87077071409	348.04995953125	343.619935876862	339.527099250596	335.728681504393	332.189982139697	328.88240440958	325.782038332689	312.771178157045	302.819113548006	294.978418738924	288.673547656148	283.527750832698	279.281635827555	275.74975932827	272.795506451827	270.315656968586	268.230457819923	266.476999870292	265.004675867743	263.771988649677	262.744283760746	261.892120058504	261.190124367664	260.616180838505	260.150876605505	259.777136466201	259.479976129651	259.246327627778	259.064897521267	258.926032705815	258.821576140731	258.74471673125	258.6898317028	258.65232361796	258.628467382382	258.615267609862	258.610331024295	258.611755506783	258.618035906671	258.627985423639	258.640671164693
15	490.461409372661	491.366986243035	469.669031505698	450.388542469302	433.578091386097	418.985610344906	406.324527699574	395.3401561776	385.800789593793	377.479277349848	370.160553347056	363.658577847495	357.823633134139	352.539569121161	347.717119788725	343.287265670298	339.195889175438	335.399853107121	331.864193091112	328.560122780648	325.463591827092	312.474163286376	302.544065122418	294.724405620804	288.439388554947	283.3123314338	279.083971645435	275.56898695619	272.630859759509	270.166432688824	268.095983259165	266.356603521482	264.89766230951	263.677619062825	262.661763557912	261.82059445046	261.128683418047	260.563872681624	260.106727790669	259.740176638393	259.449263700493	259.220973165517	259.044082304018	258.909021033421	258.807721129647	258.733460409697	258.680700710002	258.644921903189	258.622467332598	258.610400709375	258.606378734306	258.6085409259	258.615416351429	258.62584612825	258.638919942802
16	490.394402453076	491.344487604308	469.650793351809	450.342056438576	433.491737641479	418.855121089075	406.151090142768	395.128114729037	385.556518142631	377.210119098747	369.873548578723	363.359622934166	357.517270472309	352.229144842423	347.405047371498	342.975272664178	338.885209755234	335.091369145335	331.558534510808	328.257735645838	325.164799170333	312.195493738823	302.286079840014	294.486248224699	288.219959632574	283.110585252951	278.898981141144	275.399938291088	272.477026707553	270.027145503717	267.970598584074	266.244476683443	264.798124308772	263.589958745364	262.585216778797	261.754340978329	261.071852870728	260.515557773361	260.066004464509	259.706127635229	259.421002672295	259.197666238155	259.024964804192	258.893407414841	258.795012782211	258.723140234218	258.672331723733	258.638139226412	258.616969643262	258.605941343457	258.602757165545	258.605594958579	258.613015266497	258.623884820498	258.637314011727
17	490.327785983724	491.321670510781	469.634069178093	450.299341177928	433.412004472607	418.734091537606	405.989644450213	394.930142938555	385.327902815184	376.957737567471	369.60405736414	363.078630598219	357.229113148511	351.93701965768	347.111273015172	342.681501160407	338.592624670637	334.800816739998	331.27061977345	327.97289005965	324.883328653857	311.932998614617	302.043131191063	294.262059182984	288.013501152563	282.920873437329	278.725139165392	275.241197722741	272.332695032865	269.89658272351	267.853187329613	266.139596538324	264.705130133777	263.508164490603	262.513886055087	261.692684977195	261.019036928742	260.47071504091	260.028255355563	259.674602463357	259.394864337358	259.17613015459	259.007314025669	258.879001982681	258.783293387643	258.713626940562	258.664619217288	258.631889669293	258.611904465753	258.601832798306	258.599420277915	258.602880224707	258.610802263402	258.622076761547	258.635833197863
18	490.261536427482	491.298543464863	469.618664543666	450.259900123675	433.338052276758	418.621373902577	405.838754543363	394.744588748665	385.113132702898	376.720213281092	369.350089052487	362.813571646819	356.957111825425	351.661145380831	346.833745396081	342.403910829448	338.316109557005	334.526190888197	330.998465618463	327.703623437302	324.617244842058	311.68486770574	301.813535517065	294.050270886399	287.818553329538	282.741836949217	278.561184338517	275.091591208062	272.196777033574	269.773739836025	267.742825578765	266.041117446968	264.617910195347	263.431540573479	262.447147118613	261.635070962073	260.969745793848	260.428916774913	259.993110576083	259.645284367975	259.370580013149	259.156139037925	258.990941613043	258.865647995527	258.772434601138	258.704815410732	258.657477402743	258.626103415326	258.607215084642	258.598029033696	258.596330700969	258.600366374377	258.60875266887	258.620401864118	258.63446111865
19	490.195634269503	491.275077016228	469.604400424917	450.223324667617	433.269186255255	418.515994617327	405.697222986705	394.570071423632	384.910691760096	376.495937430968	369.109979413377	362.562743096448	356.69954592585	351.399792586006	346.570741658657	342.140787934139	338.053963798105	334.265807142166	330.740405732609	327.448289089739	324.364918946998	311.449582174111	301.595878624621	293.849566919146	287.633890678916	282.572335306318	278.406054917837	274.950134534503	272.068361397533	269.657775772205	267.638740390414	265.948332321399	264.53582164126	263.359506433369	262.384479659973	261.581036536265	260.923572415524	260.389807815918	259.960263391716	259.617911023275	259.347927468342	259.137506283516	258.975692125648	258.853216879598	258.762330682019	258.696619097334	258.650835700157	258.620723048196	258.602854865487	258.594492200168	258.593457715272	258.598028460396	258.606846201166	258.618843614828	258.63318430461
20	490.130052747636	491.2512763886	469.591135859457	450.189274955963	433.204825437103	418.417142176941	405.564041274509	394.40542547773	384.719298214324	376.283548289861	368.882313532214	362.324701681548	356.454956801249	351.151497653009	346.320800524913	341.890678613648	337.804744761553	334.01823650246	330.495026728872	327.205490152202	324.124976643918	311.225850689216	301.38896099187	293.658830972781	287.458472010406	282.411402016382	278.258852735964	274.81599434332	271.946676934481	269.547979259607	267.540278410154	265.860644283696	264.458322073735	263.291572722945	262.325443603126	261.53019281381	260.880174660431	260.353090118594	259.929456792379	259.592262902409	259.326720950768	259.120076089994	258.961435916013	258.841601481471	258.752892755899	258.688965977855	258.644635399899	258.615700825562	258.59878504136	258.591190838844	258.590775790548	258.595845750043	258.605066004239	258.61738828833	258.631991559031
21	490.064797597876	491.227137020609	469.578753080448	450.157465597357	433.14447949603	418.324128971668	405.438346057111	394.249658352791	384.537858767861	376.081883103677	368.665883994106	362.098213516004	356.222096993067	350.915008603583	346.082668454369	341.652339065321	337.567218015831	333.782256163409	330.261118703681	326.974030979516	323.896234570249	311.012576054853	301.191756223747	293.477108053592	287.291413405743	282.258210861303	278.118810174024	274.688457455287	271.831065256744	269.443743370648	267.446882533606	265.777544518115	264.384949849588	263.227323274043	262.269670630748	261.482209767004	260.839262604162	260.318511626659	259.900473388158	259.568154573348	259.306803733569	259.103717141011	258.948063808102	258.830711646773	258.744048431357	258.681795530317	258.638827189125	258.610996660016	258.59497306887	258.588098545153	258.58826349991	258.593800843099	258.603397930848	258.61602436404	258.630873482682
22	489.999844772802	491.202662042511	469.567152815589	450.127654860011	433.087731132728	418.236364697501	405.319415318615	394.101914797538	384.365433463988	375.889941153206	368.459650903726	361.882215400407	355.999891259172	350.689246058792	345.855274120355	341.424696587591	337.340318901962	333.556811399541	330.037638313554	326.752880387468	323.677674562237	310.808804851881	301.003379436289	293.30357512181	287.131946900427	282.112049919799	277.985266124991	274.56691380563	271.720959856842	269.344546208141	267.358074036129	265.698596182298	264.315308697266	263.166401263586	262.21684000881	261.436804969575	260.800588366442	260.285856774314	259.873127954996	259.545428084177	259.288042457737	259.088317804753	258.935483076766	258.820470863341	258.735734105565	258.675056451571	258.633369283926	258.606576595135	258.591391387785	258.585192960681	258.585902701053	258.591879006764	258.601830001969	258.614742086197	258.629822115261
23	489.93518913313	491.177857289514	469.556250702953	450.099636384718	433.034222500618	418.153349497022	405.206609607403	393.961464290358	384.20120512132	375.706854988548	368.262712247471	361.675784681765	355.787406203464	350.473272828996	345.637678165933	341.206819583778	337.123122730334	333.340986132855	329.823679246898	326.541142705521	323.468411894226	310.613710786041	300.823061846178	293.137517090296	286.979407773833	281.972301410691	277.857647099537	274.450830690515	271.615869748421	269.249935690672	267.273438488911	265.623421376158	264.249056161595	263.108498480754	262.166676657373	261.393735011747	260.763938568104	260.254940320552	259.847261120664	259.523947864758	259.270322775748	259.073782454479	258.923614356073	258.810813689269	258.727896107085	258.668704909058	258.628225998357	258.602411638369	258.588016471403	258.582455001558	258.583677909546	258.590067666568	258.600351993003	258.613533127139	258.62883066097
24	489.87081892412	491.15273050921	469.545974522276	450.073232756166	432.98364461727	418.074642530037	405.09937544731	393.827662510108	384.044470665287	375.531867816167	368.074280536895	361.478115491764	355.583826326424	350.266269928945	345.429062431381	340.997893748892	336.914821182959	333.133979523175	329.618449199037	326.338034820175	323.267673233861	310.426571773706	300.65013162164	292.978309337797	286.833215279356	281.838425758174	277.735452383961	274.339744299286	271.515366624871	269.159517658447	267.192614774892	265.551691025435	264.185894248325	263.0533471579	262.118941628552	261.352788645835	260.729128187379	260.225601774614	259.822735156851	259.503596750367	259.253545958523	259.060028596654	258.912389233663	258.801683752778	258.72048822961	258.662703184328	258.623366635283	258.59847685683	258.584828090938	258.579868260809	258.581575813594	258.588356012345	258.598955113526	258.612390326735	258.627893276129
25	489.806726050611	491.127290805288	469.536262030926	450.048290449851	432.935729009687	417.999861923497	404.99723791243	393.699947974454	383.894604953155	375.364312285912	367.893664197835	361.288499802868	355.38843493241	350.067517453093	345.22870763484	340.797203119261	336.714703508903	332.93508736603	329.421251427144	326.142868117091	323.074778511914	310.246750383041	300.483998061064	292.825402721246	286.692859038411	281.709948817325	277.618242189895	274.233247691985	271.419073240341	269.07294640109	267.115286348381	265.48311686612	264.125562110008	263.000712817112	262.073426129351	261.313781493838	260.695995975294	260.197701552669	259.799430101706	259.484272797381	259.237626154564	259.046984526651	258.901748255527	258.793032061978	258.713470305875	258.657018606923	258.618764614743	258.594750666988	258.581808737967	258.577418539257	258.579584893152	258.586734688859	258.597631755842	258.611307487719	258.627004902352
26	489.742895605365	491.101548225041	469.527059254174	450.024675822779	432.890241055412	417.928672884126	404.899771267665	393.577826345593	383.751059618272	375.203608522131	367.720252598459	361.106312208754	355.200598747433	349.876379163699	345.035977992276	340.604114762308	336.522141382696	332.743687090316	329.23146995174	325.955033778973	322.889126460759	310.073690044973	300.324138942527	292.678311855181	286.557888057136	281.586452094129	277.505628255361	274.130981358664	271.326660773611	268.989917045088	267.041174211678	265.417444978915	264.067830135214	262.950389394046	262.029946635834	261.276551579289	260.664400289146	260.171116949335	259.777241031855	259.46588700027	259.222488570496	259.034587938855	258.891639919701	258.784816326976	258.706807798722	258.651622691979	258.614396766899	258.591214256837	258.578943153264	258.575093461872	258.577695107717	258.585195541744	258.596375288039	258.610279206903	258.62616112863
27	489.679336019035	491.075513444171	469.518319121117	450.002271900396	432.846974624113	417.860780368862	404.806602101727	393.460860197574	383.613348800039	375.049233716221	367.553503886287	360.930997492908	355.019755471883	349.692290024971	344.85030882708	340.418063269044	336.336576593152	332.559225574887	329.048557488791	325.773990875391	322.710182852523	309.906889599609	300.170090562728	292.536605833515	286.427901971784	281.467563609592	277.397265912301	274.03262651064	271.237833723159	268.910159375664	266.970031218756	265.354450575484	264.012495193886	262.902194683536	261.988341056354	261.240955995002	260.634216335767	260.14574006624	259.756075451058	259.448360859753	259.208067162491	259.022783701575	258.882018515383	258.776998862964	258.700469781783	258.646490546105	258.610242858402	258.587851209158	258.576218027309	258.572882239593	258.575897706658	258.583731466123	258.595179933011	258.609300778433	258.625358113925
28	489.616034171651	491.049197523151	469.510000366424	449.980975778928	432.805747728443	417.795923116546	404.717399016461	393.348660655938	383.481040022881	374.900724814969	367.392935030372	360.762060524327	354.845403463995	349.514745855236	344.671196149444	340.238553213832	336.157510892033	332.381209097612	328.872025502495	325.5992565116	322.537470753224	309.745903909989	300.021438836554	292.399899905735	286.30254351639	281.352951916568	277.292847927103	273.937899021384	271.15233016277	268.833432786497	266.901637420044	265.293933720462	263.959376732793	262.855966848476	261.948465529778	261.20686800845	260.605333535138	260.121475365516	259.735851631076	259.43162513181	259.194303794388	259.011523407245	258.872844028341	258.769546797333	258.694429384332	258.641600156318	258.606284988721	258.584646992154	258.573621572902	258.570775312348	258.574184932199	258.582336160331	258.594040564387	258.608368024504	258.624592446449
29	489.552984711894	491.022611719907	469.50206663872	449.960696508037	432.766398966099	417.733868754019	404.631866598919	393.240880520611	383.353746678145	374.757667518046	367.238110502764	360.599057867808	354.677093361948	349.34329493622	344.498188471672	340.06513193446	335.984497954996	332.209195340731	328.701436337226	325.430398154605	322.37056301639	309.590333949341	299.877812798242	292.267849477638	286.181492673501	281.242320107699	277.192099152744	273.846544533639	271.069915639024	268.759520783614	266.835796225338	265.235715814799	263.908313569279	262.811561515218	261.910191815273	261.174174737281	260.577653472366	260.098237888038	259.71649694842	259.415618327614	259.181146869031	259.000764109118	258.864080964715	258.762430970215	258.688662764823	258.636932100452	258.60250737654	258.581588803315	258.571143411746	258.568764267027	258.572549960016	258.581004082397	258.59295267471	258.607477272295	258.623861127218
30	489.490182736188	490.995767342745	469.494485771111	449.941353352007	432.728784586333	417.674409747848	404.54973277243	393.137208525031	383.231121791467	374.619687897843	367.088647763627	360.441590820997	354.514421027585	349.17753093611	344.330879476812	339.897394750449	335.817135888755	332.042786062032	328.536395915627	325.267026237	322.209074880227	309.439820693066	299.738878679874	292.140144542735	286.064461653903	281.135401194895	277.094772495582	273.758334737881	270.990379862787	268.688232790775	266.772331172227	265.179636677725	263.859161232303	262.768849366712	261.873405130192	261.14277337999	260.551088199513	260.075951771794	259.697946606924	259.400285626328	259.168550415601	258.990467566007	258.855697735101	258.755625439511	258.683148681419	258.632469071101	258.598895955309	258.578665226751	258.568774286234	258.5668415961	258.570986698006	258.579730283243	258.591912237262	258.606625239428	258.623161474921
31	489.427623726366	490.968675642334	469.487229180057	449.922874351633	432.692776056475	417.61735713596	404.470774919642	393.037358396947	383.112852766644	374.486453966009	366.944193200475	360.289299586998	354.357021664615	349.017087015551	344.168902373766	339.734976375162	335.65506193941	331.881621732296	328.376548454062	325.108789087651	322.052659040296	309.294039904056	299.604335084719	292.01650520694	285.951190659156	281.031954329614	277.000644765409	273.673063417003	270.913532881385	268.619393517997	266.711083491895	265.12555209688	263.811789726572	262.72771411317	261.83800232072	261.112576895227	260.525558820382	260.054549016251	259.680142570168	259.385577962555	259.156473314011	258.980599591655	258.84766611372	258.749107034859	258.677868313316	258.628195762364	258.595438307496	258.575866205372	258.566506053664	258.565000705734	258.569489802512	258.578510427001	258.59091572827	258.605809056767	258.622491148633
32	489.365303498005	490.941334067315	469.480271366746	449.905176718595	432.658258028711	417.562549256249	404.394771683949	392.941089414758	382.998657066338	374.357660428095	366.804429460403	360.141858366595	354.204564864308	348.861630857757	344.011924840172	339.577545811316	335.49794737331	331.725376548114	328.221571544129	324.955367892888	321.901000682756	309.15269776466	299.473908921741	291.896677907929	285.841444411534	280.931759816544	276.909514024211	273.590544081511	270.839203020735	268.552845464845	266.651909452546	265.07333184436	263.766081750198	262.688050911795	261.803890476436	261.083501955849	260.5009942726	260.033968447066	259.663032666758	259.371451260843	259.144878665613	258.971129532985	258.83996080997	258.7428550091	258.672804605279	258.62409827379	258.592123130465	258.573182559168	258.56433126463	258.563235550441	258.568054364083	258.577340522139	258.589959897372	258.605026072416	258.621847979993
33	489.303218157356	490.913780254712	469.473589500844	449.888238302257	432.625126631929	417.509832134138	404.321529373518	392.848166582007	382.888278449408	374.233031793593	366.669068361484	359.99897120116	354.056750407325	348.710860459141	343.859644827782	339.424802190428	335.345493364834	331.573754334875	328.071172057123	324.806473242205	321.7538135833	309.015527174406	299.347349809751	291.780432199799	285.735009084725	280.834622433588	276.821196872273	273.510607413685	270.767234466649	268.488445831606	266.594678839974	265.022857824074	263.721930961599	262.649764743006	261.770985421793	261.055474633211	260.477330489217	260.014154845478	259.646569838998	259.357865793974	259.133733211831	258.962029769616	258.832559040263	258.736850673304	258.667942332973	258.620164220841	258.588940372843	258.570606142248	258.562243320178	258.561540783354	258.566676047013	258.57621704845	258.589041881795	258.604273953776	258.621230064313
34	489.241353989059	490.886011736484	469.467163071049	449.871989752776	432.593288028399	417.459068904105	404.250872246685	392.758381757182	382.781483831675	374.112317281053	366.537847424203	359.860368432771	353.91330468809	348.564500542578	343.711786987217	339.276471216499	335.197424322242	331.426485050002	327.925082824615	324.661840732624	321.610837090529	308.882284595546	299.224433186694	291.667558019356	285.631689820737	280.740360137373	276.735526245341	273.433099223544	270.6974853746	268.42606467015	266.539271884352	264.974022714842	263.679240794436	262.6127693911	261.739210837432	261.028427986876	260.454509230766	259.99505820864	259.630711503497	259.344785635294	259.123006907994	258.953275368419	258.82544025167	258.731077179155	258.66326700449	258.616382416654	258.585880953924	258.568129592891	258.560236254872	258.559911569328	258.56535092903	258.575136820075	258.588159089527	258.603550587861	258.620635675361
35	489.179727150939	490.858022037311	469.46097359002	449.85638401703	432.562657187924	417.410135252878	404.182640384753	392.67154527067	382.678060588492	373.995287926224	366.410526903714	359.725800626951	353.77397765391	348.422299487023	343.568099603056	339.132302117269	335.053497350209	331.283321781129	327.783059445471	324.521228848995	321.471832464576	308.752747351524	299.104954957883	291.557863348021	285.531308530723	280.64880792907	276.652349529716	273.357878699955	270.62982625163	268.36558339329	266.485583162204	264.926728664906	263.637923245055	262.576986329709	261.708497257065	261.002301149609	260.432477685822	259.976633123416	259.615419012204	259.332178199842	259.112672517253	258.944843737696	258.81858582925	258.72551927219	258.658767649204	258.61274273742	258.582936657071	258.565746250451	258.558304671612	258.558343533901	258.564075461549	258.574096954617	258.587309175351	258.602854062768	258.620063251069
36	489.118324914056	490.829853275832	469.455004344126	449.84137845072	432.533156841492	417.362917953976	404.116687869021	392.587483817896	382.577814238526	373.881734172702	366.28688724079	359.595048088154	353.63854017236	348.284026686382	343.428351957223	338.992065021324	334.913481041087	331.144038193036	327.644877906326	324.384416146798	321.336580989875	308.626711201397	298.988723130386	291.451172192097	285.433702020602	280.55981464268	276.571526941639	273.284816907226	270.564138565277	268.306893492517	266.433512548858	264.880886190923	263.597897869543	262.542343806916	261.678781235576	260.977038539641	260.411187693534	259.958838228687	259.600657188556	259.320013847978	259.102705278848	258.936714350028	258.811978866463	258.720163103076	258.654432234718	258.609235996827	258.58010002785	258.563450072914	258.556443674958	258.556832709356	258.56284642593	258.573094837593	258.586490011919	258.602182644071	258.619511374259
37	489.057144237508	490.801499775086	469.449240179945	449.826934298031	432.504716584044	417.317313608145	404.052881211534	392.506038643491	382.480566445683	373.771463709592	366.166726848579	359.467900529149	353.506781756987	348.149470267435	343.292332050625	338.855548691466	334.777165544905	331.00842625719	327.510332329398	324.251199105858	321.20488165246	308.503988831177	298.875563335211	291.347322847266	285.338720371836	280.473239365941	276.49293012779	273.21379548696	270.500313542659	268.249895430492	266.382969423462	264.836413387818	263.559091112034	262.508776299583	261.650004915151	260.952589536298	260.390595214207	259.941635702534	259.586393851427	259.308265426071	259.093082622311	258.928868503141	258.805603966615	258.714996063874	258.650250479672	258.605853836335	258.577364284694	258.561235564262	258.554648812153	258.555375486879	258.561660894671	258.572128090929	258.585699664137	258.601534753987	258.618978749738
38	488.996182237555	490.772970878024	469.443667321494	449.813016244719	432.47727210175	417.273227557652	403.99109799837	392.427063969548	382.386153288152	373.664299644983	366.049860219373	359.344167116317	353.378508594225	348.018435109838	343.159844626211	338.722558557829	334.644357562744	330.876294351665	327.379233059823	324.121390240163	321.076549273384	308.384407125259	298.765315028644	291.246166387187	285.246225536661	280.388958387589	276.416440951565	273.144705532551	270.438251129317	268.19449767882	266.333870519588	264.793234864687	263.521435246677	262.476223440232	261.622114961892	260.928907478724	260.370660018151	259.924991105759	259.57259983947	259.296908536358	259.083783862388	258.921289038573	258.799446981787	258.710006545349	258.646212893341	258.602588630635	258.574723241913	258.559097711949	258.552916022401	258.553968573899	258.560516196661	258.571194544652	258.584936366049	258.600908952426	258.618464218062
39	488.935426372745	490.744261204682	469.438273212946	449.79959203268	432.450764503801	417.230572938271	403.931225711983	392.350423912103	382.294423752874	373.560078900553	365.936116248048	359.2236717648	353.253541812264	347.890741121403	343.030709446719	338.59291500429	334.514878638491	330.74746556583	327.251404999169	323.994816450968	320.951412882387	308.267806612086	298.657830026711	291.147565348314	285.156090114592	280.306851736443	276.341950436317	273.07744660935	270.377859081978	268.14061589591	266.286139095732	264.751279972372	263.484868046674	262.444629840344	261.59506249971	260.905949627664	260.351345020868	259.908872599027	259.559248056264	259.285920275285	259.074790261957	258.913960517084	258.79349528838	258.705184293839	258.642311191536	258.599433405761	258.572171243026	258.55703193272	258.551241592896	258.552608965963	258.559409894962	258.57029221935	258.584198507047	258.600303926229	258.617966688838
40	488.874883563946	490.715407184223	469.43304638285	449.786630362175	432.425139742201	417.189269868967	403.873160705115	392.27599814927	382.205238421219	373.458650815615	365.825336782625	359.106251673958	353.131716035193	347.766221706345	342.904759788686	338.466451869907	334.388563677831	330.621776227549	327.126686148048	323.871317586516	320.829314295586	308.154039668915	298.552971228667	291.051392579909	285.068196213006	280.226810307748	276.269357786136	273.011925847897	270.319052183046	268.088172173803	266.239704322589	264.710487310421	263.449332101555	262.413944411614	261.568802468699	260.88367661641	260.33261616941	259.89325101735	259.546313763725	259.275279860325	259.066084344487	258.906868418859	258.78773689103	258.700519434868	258.638537269068	258.596381769848	258.569703104567	258.555034027081	258.549622121944	258.551293901867	258.558339749358	258.56941929486	258.583484605618	258.599718467029	258.617485179894
41	488.81456068052	490.686391360455	469.427976326339	449.774107670054	432.400348106309	417.149244729543	403.816807307168	392.20367060551	382.118468317361	373.35987591961	365.717375349603	358.991756017625	353.012877968227	347.644722548938	342.781841095558	338.343015134105	334.265259641108	330.499074610232	327.004926326981	323.750745177927	320.71010686717	308.042969361344	298.45061154895	290.957530170425	284.982434827801	280.14873320528	276.198569824712	272.948057446772	270.2617515357	268.037094420363	266.194500675547	264.670796407648	263.414774346661	262.384119958764	261.543293265479	260.8620521176	260.314442053593	259.878099471026	259.533774165768	259.26496814476	259.057650164414	258.899999564393	258.782160947498	258.696003107477	258.634883914233	258.593427848859	258.567314063516	258.553100136432	258.548054484111	258.550020850122	258.557303706204	258.56857410274	258.58279330378	258.599151467232	258.617018785844
42	488.75444619573	490.657245734827	469.423053402629	449.761997255705	432.376343780776	417.110429535431	403.762077020744	392.133335379414	382.033993895905	373.263624853319	365.612096032332	358.880044797023	352.896885312394	347.526100262205	342.661809923047	338.22246175835	334.144824393887	330.379219794234	326.885986050055	323.63296132604	320.593654390104	307.934468784902	298.350632912001	290.865868859898	284.898704451202	280.07252655404	276.129499859058	272.88576150564	270.205883963516	267.987315789458	266.150467420789	264.632152433796	263.381145641241	262.355112798317	261.518496402791	260.841042542711	260.296793647594	259.863393124775	259.521608217433	259.254967455588	259.049473005037	258.893341788739	258.776757412935	258.691627084203	258.631344411529	258.590566141499	258.564999736046	258.551226709712	258.546535803205	258.548787480024	258.556299874779	258.567755106897	258.582123351293	258.598601907139	258.616566673142
43	488.694537806649	490.627966217714	469.418268745651	449.750276152839	432.353084457732	417.072761386403	403.708887855108	392.064894199641	381.951698445487	373.169777416919	365.509372480912	358.770987827942	352.7836027427	347.41022151055	342.544532747235	338.104658663642	334.027125691824	330.262077649958	326.769735529849	323.517837718001	320.479830125102	307.828419536171	298.252925637482	290.776306711683	284.816910818771	279.998103142609	276.062067384974	272.824963948283	270.151381468291	267.93877418565	266.107548161927	264.594504495543	263.348400393719	262.326882421826	261.494376209381	260.820616777847	260.279644078828	259.84910899763	259.509796454464	259.245261458651	259.041539255044	258.886883838109	258.771517244944	258.687384035542	258.627912851702	258.587791912347	258.562756049647	258.549410444188	258.545063400885	258.547591618285	258.555326489655	258.566960870988	258.58147357731	258.598068830184	258.616128058325
44	488.634833296773	490.598560117749	469.413614185672	449.738923158499	432.330530995496	417.036181980563	403.657163694393	391.998255760108	381.871489913669	373.078221727311	365.409087035515	358.664463843686	352.672912844427	347.296962047001	342.429885128474	337.989481765903	333.912040281079	330.147531929449	326.65605379572	323.405254755885	320.36851593968	307.72471138601	298.157387289631	290.688748878698	284.736966082508	279.925381728061	275.996197399334	272.765595754273	270.098180753681	267.891411826013	266.065690438432	264.557805270589	263.316496230468	262.299391198207	261.470899541629	260.800745260556	260.262968423291	259.835225786802	259.498320840873	259.23583502103	259.033836368728	258.880615367476	258.766431757397	258.683266815768	258.62458337094	258.585100348009	258.560579345588	258.547648388299	258.543634896411	258.5464313436	258.554381998751	258.566190139492	258.580842964587	258.59755141081	258.615702270324
45	488.575330528732	490.569034428734	469.409082180223	449.727918660529	432.308647117237	417.000637184511	403.606833761109	391.933335051632	381.793266580467	372.988853470161	365.311129947833	358.56035969827	352.564697622534	347.186205904025	342.317750929675	337.876815433543	333.79945302057	330.035465592815	326.544827910261	323.295100690193	320.259601544114	307.623241424246	298.063922339536	290.603106822509	284.658788257122	279.854286504895	275.931819961376	272.707592551002	270.04622280233	267.845174851047	266.02484536932	264.522010683117	263.285392398447	262.272604105906	261.448035654336	260.781402554803	260.246743524156	259.821723709876	259.487164645612	259.226674117644	259.026352639153	258.874526694276	258.761493055592	258.679268982315	258.6213507323	258.582487206626	258.558466097886	258.545937676423	258.542247960601	258.545304761464	258.553464859215	258.565441653819	258.580230484293	258.597048805941	258.615288616336
46	488.516027437946	490.539395840583	469.404665753514	449.717244492238	432.287399144245	416.966076652021	403.55783213468	391.870052809095	381.716938655735	372.901575234038	365.21539868784	358.458569656743	352.458849517894	347.07784466711	342.208021647467	337.766551316577	333.689256525889	329.925771889251	326.435952271096	323.187271321786	320.152983693571	307.523913423656	297.972439244131	290.519297763877	284.582300708752	279.784746621476	275.868869707447	272.650894132118	269.995452439735	267.800012930447	265.984967286671	264.487079553423	263.255054704354	262.246488517176	261.425755807174	260.762562951977	260.23094783194	259.808584368011	259.476312302515	259.217765698428	259.019077228428	258.868608874388	258.756693803506	258.675384546966	258.618210065927	258.579948538237	258.556413107982	258.544275720458	258.54090049934	258.544210176439	258.552573696848	258.564714298441	258.579635229193	258.596560276208	258.614886492443
47	488.456922026968	490.509650750035	469.400358442714	449.706883787594	432.266755759149	416.932453485033	403.510097322755	391.808335009863	381.642422216379	372.816295916155	365.121797324839	358.358994761443	352.355267846088	346.971776862779	342.100595577571	337.658588060616	333.581349907236	329.818351091085	326.329327960697	323.081668756456	320.048566073288	307.426637271757	297.882858777932	290.437244199513	284.507431698301	279.716695713923	275.807285422663	272.595444423025	269.945818267659	267.755879171958	265.946013679482	264.452973649487	263.225447504958	262.221013957753	261.404033230588	260.744203123867	260.215561259315	259.795790618301	259.46574932271	259.209097625854	259.01200005107	258.862853586453	258.752027175958	258.671607938279	258.615156840124	258.577480666147	258.554417397414	258.542660109185	258.539590560483	258.543146006962	258.551707228789	258.564007031154	258.579056351	258.596085129679	258.61449533296
48	488.398012360399	490.479805271616	469.396154250391	449.696820871268	432.246687795117	416.899723931302	403.463571878421	391.748112425641	381.569638718371	372.732930190641	365.030235973473	358.261542264622	352.253858222903	346.867907322447	341.995377411056	337.552830628638	333.475638712837	329.713109410548	326.224862300279	322.978201303876	319.946258020544	307.331328461888	297.795100321378	290.356873461999	284.4341139364	279.6500717681	275.74700991053	272.541190593791	269.897271898145	267.712729465651	265.907944550022	264.419656839633	263.196538666298	262.196151942265	261.382842900318	260.726301326855	260.20056332427	259.783326466755	259.455462193426	259.200658584802	259.005111708151	258.857253077777	258.747486815506	258.667933967293	258.612186834587	258.575080166259	258.552476192176	258.541088596672	258.538316325454	258.542110779438	258.550864259538	258.563318880466	258.578493058731	258.59562272095	258.614114610033
49	488.339296560463	490.44986524867	469.392047602181	449.687041149659	432.227168047829	416.867847114241	403.41820205762	391.689320220941	381.49851450989	372.651398031593	364.94063029666	358.166125119199	352.154532048707	346.76614671397	341.892277660795	337.449189780632	333.372034243273	329.609958906165	326.122468166353	322.876782859372	319.845974342834	307.237907636165	297.709090228238	290.278117324629	284.362284375219	279.584816356883	275.687989300875	272.488083201459	269.849768051065	267.670522541115	265.870722474272	264.387095503181	263.168298091765	262.17187580589	261.362161407861	260.708837201408	260.18593993719	259.771176968398	259.445438293921	259.192438011528	258.998403428174	258.851800115494	258.743066792534	258.664357795238	258.609296114402	258.572743846376	258.550586906303	258.539559089278	258.537076098963	258.541103120112	258.550043674512	258.562648940614	258.577944614889	258.595172448226	258.613743831432
50	488.280772802891	490.419826360439	469.388033309131	449.677531015996	432.208171107232	416.836784790754	403.373937511871	391.631890150699	381.428980497537	372.57162428434	364.852901058565	358.072661520769	352.05720604454	346.666411058783	341.791212191462	337.347581609174	333.270453090927	329.508816817172	326.022063670654	322.777332475952	319.747635147608	307.146300174373	297.624759254344	290.200911645932	284.291883613434	279.520874656751	275.630173055331	272.436075795915	269.803264198729	267.629219646114	265.834312301213	264.355258037181	263.14069755476	262.148160548997	261.341966813689	260.691791678621	260.171672978693	259.759328138984	259.435665820111	259.184426029982	258.991867013731	258.846487942338	258.738761568856	258.660874903779	258.606481005889	258.570468726604	258.548747126035	258.538069632885	258.535868298756	258.540121746846	258.549244433455	258.561996366198	258.577410331082	258.59473374973	258.613382537639
51	488.222439313398	490.389713362228	469.384106534069	449.668277765975	432.18966437097	416.806501133897	403.330731011925	391.575779723357	381.360971736092	372.493538279097	364.766973721727	357.981074494674	351.961801833847	346.568621311274	341.692101803481	337.247927124506	333.170816737415	329.40960529681	325.923571716968	322.679773883329	319.651165136411	307.056435822935	297.542042212562	290.125196041347	284.222855797855	279.458195076954	275.573513624497	272.385124683591	269.757720347066	267.588784342222	265.798681175455	264.324114714561	263.113710490804	262.124981408629	261.3222385323	260.67514687479	260.157747065487	259.747766875702	259.42613371682	259.176613394503	258.985494793502	258.841310236754	258.734565964811	258.657481068038	258.603738074574	258.568252021448	258.546954595283	258.536618401153	258.534691446074	258.539165461361	258.548465564134	258.561360367069	258.576889563886	258.594306100363	258.613030299087
52	488.164294364365	490.359521825154	469.380262761632	449.65926952182	432.171642904135	416.7769625372	403.288538198838	391.520928091671	381.294427116615	372.417073482158	364.682778083142	357.89129152301	351.868245564587	346.472700154713	341.594871853454	337.15015187652	333.073051159837	329.312250941444	325.826919637585	322.584035252067	319.556493330334	306.968248359627	297.460877660981	290.05091362772	284.155148296705	279.396729010027	275.517966216909	272.335188714181	269.713098835535	267.549182327084	265.76379793862	264.293637705239	263.087312126431	262.102318884455	261.302957196513	260.65888596	260.144147691471	259.736480885794	259.416831616845	259.168991438285	258.979279579057	258.836261076995	258.730475129621	258.654172332252	258.6010641053	258.566091123643	258.545207202504	258.535203684825	258.533544157	258.538233142247	258.547706156662	258.560740203722	258.576381711073	258.593889008613	258.612686713675
53	488.106336271919	490.32925661654	469.376497770357	449.650495164074	432.154077339534	416.748137438271	403.24731735912	391.46728472611	381.229289072323	372.342167180327	364.600247944959	357.80324420692	351.776467567066	346.378582914074	341.499451910432	337.05418561247	332.977086520872	329.216684480823	325.732038763508	322.490048673781	319.463552744701	306.881675290005	297.381207620525	289.978010703758	284.088711456167	279.336430605988	275.463488589913	272.286229087608	269.669364161959	267.510381306903	265.729633344335	264.263800632614	263.061478876082	262.080151001148	261.284104690247	260.64299323726	260.130861457774	259.725458570202	259.407749709099	259.16155190271	258.97321462594	258.831334908763	258.726484514702	258.650944987891	258.598456084361	258.563983589569	258.543502968862	258.533823882176	258.532425134708	258.537323738652	258.546965358381	258.560135183147	258.575886208262	258.593482013824	258.612351404506
54	488.048563393304	490.29890367753	469.37280761004	449.641944270133	432.136945437338	416.719996159318	403.20702922145	391.414802008351	381.165503311412	372.268760194816	364.519320815817	357.716867960367	351.686402043589	346.286200422904	341.405775444055	336.959961966802	332.882856838509	329.122840472515	325.638864501022	322.397750304719	319.372279987613	306.796657571792	297.302977318797	289.906436555398	284.023498379511	279.277256567493	275.410040859966	272.238209177457	269.626482839205	267.472350770485	265.696159804802	264.234578707569	263.036188641636	262.05845814946	261.265663821761	260.62745377965	260.117875477095	259.714689201405	259.398879028919	259.154287442012	258.967293485288	258.826526516029	258.722589849564	258.647795553875	258.595911183351	258.561927126148	258.541840037578	258.532477490332	258.531333162448	258.536436264611	258.546242369281	258.559544655088	258.575402525867	258.593084683715	258.612024017887
55	487.99097412442	490.268504252143	469.369188578429	449.633607058828	432.120234037243	416.692505934729	403.167636772272	391.363435014058	381.103018574761	372.196796630591	364.439937639498	357.6321017318	351.597986786371	346.195489911413	341.313779541052	336.867418177046	332.790299711788	329.03065701051	325.547332511489	322.307079417752	319.282615447229	306.713139364396	297.226134957131	289.836143226855	283.959464726341	279.219165963669	275.357585330308	272.191094372185	269.584423207928	267.435061919357	265.663351269826	264.205948527644	263.0114205632	262.037221899584	261.247618453483	260.61225358656	260.105177731972	259.70416245681	259.390210841045	259.147190671905	258.961510471949	258.821830901417	258.718786997753	258.644720758759	258.593426744602	258.559919578962	258.540216664305	258.531163097502	258.530267097219	258.53556979393	258.545536437817	258.55896800867	258.574930166338	258.592696612142	258.611704221479
56	487.933566897702	490.238044482838	469.365637201969	449.625474340279	432.103923188711	416.665649996042	403.129100321911	391.313141315439	381.041786415583	372.126223600387	364.362042548009	357.548887750798	351.511162920714	346.106391965936	341.223404647067	336.776494829668	332.699356065481	328.940075530223	325.457390591014	322.21797865015	319.194502310291	306.631067800743	297.15063149809	289.767085323638	283.896568529853	279.162120060656	275.306086287031	272.144851935922	269.543155336529	267.398487524696	265.631183115773	264.177887978133	262.987154934759	262.016424840469	261.229953344873	260.597379448291	260.092756888179	259.69386871292	259.381737037442	259.140254825911	258.955859797216	258.817243675318	258.715072479037	258.641717438421	258.591000166575	258.55795892156	258.53863120841	258.529879375898	258.52922586406	258.534723455539	258.544846857175	258.558404669353	258.574468661706	258.59231741707	258.611391702653
57	487.876340180045	490.207528423114	469.362150217942	449.617537470478	432.087996562308	416.639398774765	403.091396325003	391.263880801424	380.98176099867	372.056991073483	364.2855826364	357.46717129705	351.425874670774	346.018850293452	341.134594331155	336.687135623333	332.609969914457	328.851040483888	325.368980887552	322.130393636256	319.10788687309	306.55039269862	297.07642047401	289.699219832963	283.834770030072	279.106082166969	275.255510058863	272.099450864075	269.502650889019	267.362601815876	265.599632044344	264.150376141367	262.963373121757	261.996050514951	261.212654096761	260.582818889387	260.080602245071	259.683798877544	259.373449967199	259.133473522248	258.950336179921	258.812760338386	258.711442538334	258.638782904629	258.588629343328	258.556043182996	258.537082056579	258.528625002506	258.528208450875	258.533896429307	258.544172961846	258.557854096156	258.574017571312	258.591946738749	258.611086166999
58	487.819292471043	490.176959945861	469.358724558256	449.609788310131	432.072438758819	416.613728813318	403.054488917743	391.21561551372	380.922898917228	371.989051632181	364.210507757136	357.386900489268	351.342069145557	345.932811506331	341.047295070532	336.599287155233	332.522088162561	328.763499197554	325.282051246183	322.044272804094	319.02271819113	306.471066725062	297.003457806729	289.632505959549	283.774031521571	279.051017492341	275.205824575845	272.054861772622	269.462883013847	267.327380378619	265.568675989963	264.123393212295	262.940057487485	261.976083353004	261.195705797207	260.568560115943	260.068703688467	259.673944362217	259.365342405628	259.126840736163	258.944934635029	258.808376793751	258.707893827753	258.635914282525	258.586311888415	258.554170719474	258.53556792226	258.527398979414	258.527213864208	258.533087901877	258.543514083797	258.557315738259	258.573576438904	258.59158419722	258.610787296092
59	487.762414665122	490.146342751723	469.355357334718	449.602219187161	432.057227953578	416.588617940584	403.018348591601	391.168309497033	380.865159025359	371.922360304786	364.13677033829	357.308026092113	351.259696143112	345.848224925423	340.96145605376	336.5128987249	332.43566038871	328.677401659374	325.196552146927	321.959567186537	318.938947892707	306.393044629744	296.931701648485	289.566904975462	283.714317214068	278.996893006161	275.156999402132	272.011056784443	269.423826242295	267.292800061903	265.538294034613	264.096920422032	262.917191323755	261.956508609823	261.179098133281	260.554591967455	260.05705165166	259.664297046408	259.357407523936	259.120350774551	258.939650452777	258.804089171029	258.704423184258	258.633108998524	258.584045714848	258.552339727919	258.534087315765	258.526200071421	258.526241302757	258.532297244834	258.542869733189	258.55678921688	258.573144974808	258.59122957453	258.610494930013
60	487.705720393469	490.115680377258	469.352045825748	449.594822862661	432.042364878774	416.56404517753	402.982947392025	391.121928661986	380.808502284784	371.856874400807	364.064325183854	357.230501339252	351.178707971055	345.765042399545	340.877029000121	336.4279221542	332.350638682297	328.592700342634	325.112436529583	321.876230248192	318.856530007907	306.316281322296	296.861112232751	289.502377790882	283.65559310466	278.94367737244	275.109005707885	271.968009428212	269.385456395347	267.258838892581	265.508466330244	264.070939967318	262.894758787423	261.937312309131	261.162817607073	260.540903873369	260.045637077228	259.654849244742	259.349638861452	259.113998252738	258.934479179495	258.799893810701	258.701027617159	258.63036461897	258.581828848558	258.550548610568	258.532638945614	258.525027235178	258.525289847711	258.531523698974	258.542239279822	258.556274006103	258.572722737416	258.590882497225	258.610208750375
61	487.649200807376	490.084976202589	469.348787464148	449.587592499753	432.027829363364	416.539990655884	402.948258812569	391.076440659559	380.752891624241	371.792547854361	363.993129360561	357.154281771957	351.099059274456	345.683218132807	340.793967993928	336.344311623265	332.26697747535	328.509350043256	325.029659632952	321.794217726481	318.775420811666	306.240740412059	296.791651738074	289.43889396487	283.597826860576	278.891340758618	275.061816058076	271.92569454548	269.347750498304	267.225475997158	265.479174027383	264.045434945855	262.87274484219	261.918481191194	261.146852634852	260.527485812867	260.034451382084	259.645593677041	259.342030300214	259.107778073165	258.929416599947	258.79578724971	258.697704296493	258.627678840907	258.579659421215	258.548795854855	258.531221588644	258.523879481988	258.524358699683	258.530766617486	258.541622199729	258.55576968083	258.572309381243	258.590542684011	258.609928527682
62	487.592854521778	490.054233458787	469.345579826047	449.580521635217	432.013600362775	416.516435542537	402.914257701601	391.031814765826	380.698291810384	371.729352973894	363.923142019376	357.079325085439	351.020706917316	345.602708562071	340.712229302821	336.26202351705	332.184633391817	328.427307730398	324.948178847008	321.713487485495	318.695578679447	306.166380886862	296.723284162897	289.376417926767	283.540987708549	278.83985477779	275.015404351384	271.884088205432	269.310686702262	267.192691529903	265.450399209625	264.02038929692	262.851135205203	261.900002665219	261.131192221388	260.514328277857	260.023486425448	259.63652344083	259.334576041623	259.101685405831	258.924458721134	258.791766208166	258.694450542263	258.62504948347	258.577535663421	258.547080028027	258.529834085972	258.522755874739	258.523447100642	258.530025386647	258.541017995363	258.555275837041	258.571904579562	258.590209868965	258.609654045189
63	487.536680177159	490.023455234906	469.342420620759	449.57360415351	431.999683432391	416.493361970314	402.880920171922	390.98801700702	380.644669329132	371.667247680175	363.854324271109	357.005590998756	350.943609787459	345.523472168078	340.631771362347	336.181016286869	332.103565108755	328.346532408938	324.867953576771	321.633999381477	318.616963954384	306.093165756876	296.655975210285	289.314917948492	283.485046347836	278.789192415992	274.969745735124	271.843167626374	269.27424421199	267.160466606742	265.422124833388	263.995787746831	262.829916297963	261.881864765539	261.115825921251	260.501422239125	260.012734479439	259.62763198611	259.327270585065	259.095715670312	258.919601757337	258.787827577056	258.691263814449	258.622474479834	258.575455898305	258.545399772172	258.528475339079	258.521655524949	258.52255433166	258.52929942492	258.540426195205	258.554792091797	258.571508014924	258.589883791959	258.609385088897
64	487.480676438499	489.992644484652	469.339307681521	449.56683426296	431.986059055214	416.470752974294	402.848223518553	390.945029049755	380.591992276288	371.606197013035	363.786639063202	356.933041122854	350.867728710728	345.44546938295	340.552554462747	336.101250321221	332.02373322842	328.266984992617	324.788945116796	321.555715138748	318.539538824746	306.021059748401	296.589692181672	289.254363742878	283.429974839697	278.739327919476	274.924816526887	271.802911103411	269.238403219352	267.128783244333	265.394334672398	263.97161575866	262.809075201177	261.864056111359	261.100743803164	260.488759115094	260.002188202062	259.618913092175	259.320108708214	259.089864519242	258.914842116389	258.783968406944	258.688141703771	258.619951869771	258.573418535531	258.54375379944	258.527144306313	258.520577590074	258.521679710926	258.528588177733	258.539846348919	258.554318078636	258.571119394255	258.589564214551	258.609121464584
65	487.424841994195	489.961804032791	469.336238956981	449.560206473964	431.972716743459	416.448592433249	402.81614614324	390.902819762037	380.54023025684	371.546167649498	363.720051066078	356.861638845231	350.793026320764	345.36866245899	340.474540703886	336.022687826871	331.945100160131	328.188628187011	324.711116535355	321.478598235196	318.463267210878	305.950029210282	296.52440387877	289.194726557472	283.375746532976	278.690236724516	274.880594142193	271.763297941714	269.20314484203	267.097624224803	265.367013266543	263.94785948596	262.788599613137	261.846565869626	261.085936417248	260.476329456161	259.991840612318	259.610360846302	259.313085448933	259.084127823077	258.910176387012	258.78018589752	258.685081923155	258.617479792687	258.571422065818	258.542140887663	258.525839998068	258.519521269413	258.520822590201	258.527891121958	258.539278032292	258.553853453005	258.570738435245	258.589250906167	258.608862983461
66	487.369175555157	489.930936581211	469.333212503433	449.553715578901	431.959646535234	416.426865015709	402.784667484741	390.861363941718	380.489354291835	371.487127803475	363.654526568101	356.791349221998	350.719466946609	345.293015359392	340.397691203491	335.945292718968	331.867630011102	328.111426381272	324.634432567312	321.402613796441	318.388114660633	305.880042006586	296.460080459861	289.135978762147	283.32233599013	278.641895327311	274.837056969039	271.724308341493	269.168451021174	267.06697338314	265.340145874665	263.924505730016	262.768477811296	261.829383720815	261.071394764771	260.464128056688	259.981685067294	259.601969624064	259.30619608859	259.078501656094	258.905601327124	258.776477387955	258.682082299848	258.615056481244	258.569465055303	258.54055912423	258.524561475722	258.51848580376	258.519982355079	258.527207759098	258.538720840743	258.553397885916	258.570364869803	258.588943647823	258.608609466217
67	487.313675853876	489.9000325792	469.330226477644	449.547356633715	431.946838960886	416.405556130238	402.753767954468	390.820637559059	380.439336732464	371.429047133033	363.590033378341	356.722138877886	350.64701651513	345.218493656131	340.321976898811	335.869030519313	331.791288485404	328.03534554801	324.55885951502	321.327728497809	318.314048252605	305.811067352039	296.396693595011	289.078094050161	283.269718861703	278.59428146507	274.794184559342	271.685923573606	269.134304669078	267.036815009771	265.313718366093	263.901541900346	262.74869861683	261.812499827311	261.057110270228	260.452146237303	259.971715241025	259.593734071233	259.299436136682	259.072982283467	258.901113853099	258.772840348022	258.679140768017	258.612680255272	258.567546141468	258.539008906178	258.523307846567	258.517470470927	258.519158420973	258.526537615406	258.538174389756	258.552951064694	258.569998443121	258.588642231394	258.60836074242
68	487.258341643647	489.869118358342	469.32727913028	449.541124940925	431.934285011856	416.384651879516	402.723428877033	390.780617685959	380.390151180367	371.37189665465	363.52654073671	356.653975913923	350.575642454493	345.145064422507	340.24736204555	335.793868262115	331.716042790348	327.960353150491	324.484365156479	321.253910473622	318.241036506486	305.743076069079	296.334215976566	289.021045318774	283.217872030805	278.547373653025	274.751957158384	271.648125543269	269.100689284456	267.007134205473	265.28771746151	263.878955978174	262.729251361791	261.795904804191	261.043074755536	260.44037694153	259.961925104947	259.585649087025	259.292801316622	259.067566091557	258.896710945895	258.769272252179	258.676255362209	258.610349516503	258.56566402806	258.537488435336	258.522078261565	258.516474584068	258.518350231913	258.525880240335	258.537638313639	258.55251269196	258.569638912847	258.588346458893	258.608116649933
69	487.203171697744	489.838184555744	469.324368799854	449.535016033959	431.921976111953	416.364139017836	402.693632435227	390.741282430338	380.34177241396	371.315648663554	363.464019230518	356.58682982154	350.505313607874	345.072696202315	340.173815050578	335.719774406587	331.641861549646	327.886418056534	324.410918660144	321.181129232917	318.169049299899	305.676039943561	296.272621570456	288.964812317668	283.166773191141	278.501151417535	274.710355954415	271.610897025606	269.067589170221	266.977916729796	265.262130233239	263.856736434313	262.710125858728	261.779589692142	261.029280416166	260.428813437531	259.952308909838	259.577709808633	259.286287529636	259.0622498278	258.892390006426	258.765771086218	258.673424117183	258.608062630816	258.563817481128	258.535996712743	258.520871912607	258.515497489469	258.517557258736	258.525235205057	258.537112264324	258.552082484653	258.569286048282	258.588056141865	258.60787703442
70	487.148164808764	489.807233436772	469.32149390709	449.529025662709	431.909904090813	416.344004911866	402.664361619041	390.702610875354	380.294176319995	371.260276659964	363.402440717071	356.520671402957	350.436000152589	345.001358834115	340.101305635558	335.646718755734	331.568714722733	327.813510458572	324.338490505793	321.109352768394	318.098057791108	305.609932077552	296.211885448845	288.909370157126	283.116401081157	278.455595163037	274.669362945089	271.574221539208	269.034989303306	266.949148963019	265.236944045326	263.834872410132	262.691312318969	261.763545932415	261.015719799003	260.417449298803	259.942861169093	259.569911588755	259.279890942734	259.057030178791	258.888148248871	258.762334488378	258.670645473196	258.60581841686	258.562005246268	258.534532699791	258.519688029972	258.514538564486	258.516778997447	258.524602101135	258.536595910286	258.551660173151	258.568939629683	258.587771100775	258.607641748841
71	487.0933197879	489.776267170033	469.318652949846	449.523149780137	431.898061159332	416.32423750419	402.635600178368	390.664583022973	380.247339830024	371.205755280424	363.341778251662	356.455472697121	350.367673524922	344.931023445937	340.02980490449	335.574672380925	331.496573529831	327.741601799329	324.267052410965	321.038558701616	318.028034347254	305.544726700202	296.151983731605	288.854696705825	283.066735324586	278.410686122477	274.62896089171	271.538083304424	269.002875303289	266.920817870827	265.212147895426	263.813353333487	262.672801564784	261.747765289535	261.002385781832	260.406278386216	259.933576640692	259.562250017872	259.273607812638	259.051904062891	258.883983131582	258.75896037953	258.667917587089	258.603615320772	258.560226392606	258.533095698861	258.518525824711	258.513597157987	258.516014908541	258.523980479404	258.53608893552	258.551245500452	258.568599447571	258.587491164493	258.607410653013
72	487.038635464343	489.745287831904	469.315830213795	449.517384529954	431.886439886882	416.304825279539	402.60733257914	390.627179749502	380.201240861346	371.152060234077	363.282006020677	356.391206910905	350.300306350185	344.861662364798	339.959285035909	335.50360751209	331.425410382115	327.670664702646	324.196577262493	320.968717438824	317.958952477446	305.480399105525	296.092893524615	288.800770800504	283.017756392258	278.366406311236	274.589131998008	271.502467205989	268.971233396365	266.892910971353	265.187730175943	263.792169160191	262.654584601158	261.732240072443	260.989271507816	260.395294830696	259.924450323883	259.554720853221	259.26743459678	259.046868539374	258.879892230674	258.755646774263	258.665238840914	258.601452029371	258.558479728399	258.531684708905	258.517384731018	258.512672843833	258.515264677407	258.523370113979	258.535591004384	258.550838187212	258.56826526793	258.587216135423	258.607183578538
73	486.984103105252	489.714297410803	469.313052306781	449.511726235121	431.875033180185	416.285757233467	402.579543962494	390.590382723396	380.155858262061	371.099168243241	363.223099279259	356.327848354889	350.233872377543	344.793249051096	339.889719394207	335.433497646835	331.355198768933	327.600672837787	324.127039052727	320.899803258541	317.890786770518	305.416925594366	296.034592867525	288.747572148547	282.969445555723	278.322738484182	274.549862978547	271.467358752832	268.940050381833	266.865416304602	265.163680120462	263.771310270144	262.636652904512	261.716962697501	260.976370599902	260.384493020838	259.915477427467	259.547320050823	259.261367910409	259.041920798331	258.875873230348	258.752391775696	258.662607688709	258.599327287574	258.556764237597	258.530298908969	258.516263992899	258.511764989617	258.514527772028	258.522770554394	258.535101912919	258.550438083073	258.567936983555	258.586945941394	258.60696048205
74	486.929736572394	489.68329781119	469.310304228916	449.506171387258	431.863834263745	416.267022843141	402.552220106854	390.55417441251	380.111167089148	371.047056988101	363.165034293244	356.265372383668	350.168346419322	344.725758037445	339.821082417999	335.364317196891	331.285913410176	327.531601163324	324.058412725392	320.831791473557	317.823512834438	305.354283420309	295.977060684253	288.695081271321	282.921784843991	278.279666095682	274.511137369489	271.432744046023	268.909313600789	266.838322403886	265.13998740901	263.750767444215	262.618998307971	261.701926002835	260.963676680545	260.37386758339	259.906652079767	259.540043742863	259.255404516777	259.037058153281	258.871923916809	258.749193570597	258.660022652593	258.597239895381	258.555078948486	258.528937513556	258.515162975996	258.510873083147	258.513803778686	258.522181466209	258.534621330366	258.55004490864	258.567614356515	258.586680377843	258.60674118571
75	486.875527325335	489.652290857424	469.307584741883	449.500711884059	431.852836661579	416.248603578559	402.525347392528	390.518538004849	380.067157168871	370.995705055092	363.107788284946	356.203755339953	350.103704294208	344.659164871597	339.753349562962	335.29604165224	331.217529832546	327.463425377775	323.990674517561	320.764658376009	317.757107253114	305.29245073918	295.920276736285	288.643279465307	282.874757003155	278.237173262239	274.472938743678	271.398609747013	268.879010906988	266.811618269186	265.116642143852	263.73053184252	262.601612984148	261.687123102592	260.951183819613	260.363413373685	259.897972469828	259.532888227533	259.249541318884	259.032278034262	258.868042172609	258.746050424795	258.657482319138	258.595188705018	258.553422931441	258.527599770978	258.514081072983	258.509996633774	258.513092300805	258.521602528556	258.534148996764	258.549658452955	258.567297215293	258.586419305063	258.606525575489
76	486.821474259609	489.621278316383	469.304892663865	449.495353965941	431.842034180273	416.230506498544	402.498912768808	390.483457378822	380.023805251961	370.945091888689	363.051339382541	356.142974502513	350.039922774388	344.59344606311	339.686497248003	335.22864746313	331.150024615349	327.396122233476	323.923801279704	320.698381090858	317.691547517163	305.231406561782	295.864221577024	288.592148761641	282.8283454587	278.195244727619	274.435256774474	271.364943047948	268.849130639605	266.785293342296	265.09363482697	263.710594984216	262.58448941865	261.672547418999	260.938886288772	260.353125462095	259.889433114446	259.525849959856	259.243775351687	259.027577981366	258.864225971328	258.74296067884	258.654985335874	258.593172618174	258.55179529681	258.526284961725	258.513017702368	258.509135171539	258.512392958329	258.521033433752	258.533684662652	258.549278513401	258.566985395001	258.58616258857	258.606313541457
77	486.767576286107	489.590261822337	469.30222686629	449.490089886352	431.831420893215	416.212714130554	402.472903723184	390.448917066407	379.981092042599	370.895197746381	362.995666572761	356.083008037425	349.976979535987	344.528579033607	339.62050280715	335.162111995163	331.083375234156	327.329669375236	323.857770869852	320.632938003671	317.626811990688	305.17113070999	295.808876515581	288.541671888067	282.782534280244	278.153865830217	274.398076174469	271.331731643933	268.819661597787	266.759337483585	265.070956338962	263.690948728915	262.567620408254	261.658192629291	260.926778594321	260.342999122369	259.881029987665	259.51892554312	259.238103774903	259.022955638721	258.860473372592	258.73992274397	258.652530408023	258.591190583405	258.550195192858	258.524992396861	258.511972307259	258.508288246249	258.511705387072	258.520473886834	258.533228088756	258.548904895517	258.566678737269	258.5859100991	258.606104977863
78	486.713832330602	489.55924300256	469.299576698965	449.484916719581	431.820991125837	416.195217624907	402.447308252641	390.414902218698	379.939003113359	370.846003656549	362.940749656644	356.023834952493	349.914853112715	344.464542069854	339.55534444066	335.09641347515	331.017560022758	327.264045300932	323.7925619906	320.568307765167	317.562879862736	305.111603775106	295.754223571872	288.491832233279	282.737308148512	278.113022472557	274.361384007045	271.298963707081	268.790593016861	266.733740950252	265.048597919258	263.6715852571	262.550999033098	261.644052664535	260.914855464685	260.333029820745	259.872759228682	259.512111720859	259.232523866244	259.018408748845	258.856782517421	258.736935098272	258.650116295421	258.58924159365	258.548621803784	258.523721416491	258.510944354171	258.507455426561	258.511029238007	258.519923605038	258.532779045624	258.548537412755	258.566377090095	258.58566171252	258.605899783088
79	486.660241333372	489.528223395116	469.296960028352	449.479831665706	431.810739441908	416.178008495115	402.422114836811	390.381398573708	379.897513505195	370.797491379012	362.886569208046	355.965435054555	349.853522852476	344.401314280178	339.491001172139	335.031530951353	330.952558131675	327.19922931851	323.728154146591	320.504470198449	317.499731105744	305.052807079245	295.700245444797	288.442613813592	282.692652324466	278.072701092679	274.325167828731	271.266627862202	268.761914546001	266.708494375982	265.02655114811	263.6524970567	262.534618645693	261.63012169637	260.903111838788	260.323213205801	259.864617133063	259.505405369404	259.22703301511	259.013935147368	258.853151623853	258.733996283116	258.647741809587	258.587324683896	258.547074347877	258.522471388258	258.509933331858	258.506636299061	258.510364176582	258.519382317279	258.53233731323	258.548175886175	258.56608030764	258.585417309679	258.605697859511
80	486.606802248747	489.497193114467	469.294366539407	449.474832043684	431.800660630723	416.161078599062	402.397312412844	390.348392426172	379.856621247319	370.749643368107	362.833106534835	355.90778890942	349.792968876675	344.338875553462	339.427452807572	334.967444252616	330.888349487526	327.13520150569	323.664527604584	320.441405785732	317.437346436611	304.994722639029	295.646925477416	288.394001241578	282.648552620301	278.032888637425	274.289415664497	271.234713164041	268.7336162274	266.68358875188	265.004807928073	263.633676904922	262.518472856978	261.616394124607	260.891542855112	260.313545098959	259.856600144554	259.498803490881	259.221628716676	259.009532758096	258.849578982864	258.731104899798	258.64540581101	258.58543892895	258.545552075714	258.521241705951	258.508938750195	258.505830467394	258.509709882006	258.518849763592	258.531902680539	258.547820144123	258.565788249951	258.585176776189	258.60549911348
81	486.553514044794	489.466176005327	469.291795288108	449.469915284889	431.790749693431	416.144420119397	402.37289035194	390.315870599327	379.816304168822	370.702442737994	362.780343642394	355.85087780434	349.733172042	344.277206520691	339.364679896828	334.904133949885	330.824914754861	327.07194267213	323.60166337282	320.379095725835	317.375707280107	304.93733313147	295.594247625306	288.345979696773	282.604995372256	277.993572537157	274.25411598452	271.203209075912	268.70568847664	266.65901540876	264.983360469401	263.615117854475	262.502555523209	261.602864565603	260.880143841488	260.304021485564	259.848704847423	259.492301579848	259.216308566374	259.005199588396	258.846062954528	258.728259606379	258.64310720657	258.583583441379	258.544054268491	258.520031788116	258.507960139079	258.505037551396	258.509066046584	258.518325694599	258.531474945093	258.547470021894	258.565500782783	258.584940002397	258.605303455156
82	486.500375702899	489.435162352083	469.289245370419	449.465078927119	431.781001839261	416.128025549376	402.348838437245	390.283820418374	379.776547563596	370.655873230156	362.728263199497	355.794683712742	349.674113904616	344.216288518808	339.302663697514	334.841581320255	330.762235300314	327.009434323887	323.539543094559	320.317521899417	317.314795734537	304.8806218619	295.54219642676	288.298534898053	282.561967415084	277.954740682251	274.219257682425	271.172105449649	268.678122064346	266.634765999859	264.962201273736	263.596813219844	262.486860733685	261.589527841365	260.868910305523	260.294638506564	259.84092795926	259.485900112872	259.211070254717	259.000933724858	258.842601964438	258.72545911475	258.640844947121	258.581757369525	258.542580236434	258.518840372454	258.506997047427	258.504257186271	258.508432375048	258.517809870992	258.531053912613	258.547125361456	258.565217777255	258.584706882923	258.60511079816
83	486.447386217472	489.404153455539	469.286715920122	449.460320608971	431.771412462005	416.11188767511	402.325146843235	390.252229685643	379.737337240896	370.609919182852	362.676848516896	355.7391892611	349.615776686456	344.156103556783	339.241386140941	334.779765671805	330.700293158954	326.947658630023	323.478149129035	320.256666836294	317.254594539471	304.824572733868	295.490756974849	288.251653077738	282.519456058074	277.916381400859	274.184830054762	271.141392506757	268.650908040836	266.610832485756	264.94132312013	263.578756564376	262.471382799223	261.576378969327	260.8578379256	260.285392450689	259.833266324248	259.479593529963	259.205911562434	258.996733329234	258.839194500323	258.722702187837	258.638618025223	258.579959895668	258.541129317308	258.517668330053	258.506049042187	258.503489021804	258.507808583938	258.517302063027	258.530639396555	258.546786011027	258.564939109609	258.584477316614	258.604921059606
84	486.394544595587	489.373150563408	469.284206106834	449.455638064574	431.76197714118	416.095999561748	402.301806116279	390.221086657204	379.698659563223	370.564565502396	362.626083470706	355.684377697804	349.558143243505	344.096634283655	339.180829800148	334.718674853007	330.639071002554	326.886598391207	323.417464438854	320.196513684688	317.195087045372	304.7691702208	295.439914891126	288.20532095722	282.477449062447	277.878483438093	274.150822781803	271.111060820735	268.624037964997	266.587207060721	264.920718967859	263.560941688202	262.456116241312	261.563413152744	260.846922542457	260.276279747098	259.825716906834	259.473381840774	259.200830355949	258.992596634642	258.835839108905	258.719987637017	258.63642547302	258.578190234304	258.539700875001	258.516514444105	258.505115707433	258.502732721643	258.507194401003	258.516802050033	258.530231217747	258.546451824831	258.564664660962	258.584251206281	258.604734159838
85	486.341849856703	489.342154872642	469.281715134104	449.451029118641	431.752691628488	416.080354538885	402.278807156435	390.190380020921	379.66050137538	370.519797636157	362.575947282223	355.630232863796	349.50119703603	344.03786395851	339.120977859824	334.658289446175	330.578552109806	326.826237013009	323.357472582733	320.13704618229	317.136257185012	304.714399333712	295.389656300847	288.159525724002	282.435934620157	277.841035936358	274.117225909398	271.081101300371	268.597503499177	266.563882387203	264.900382302794	263.543362616851	262.441055781966	261.55062577168	260.836160151247	260.267296958504	259.818276785813	259.46726130699	259.195824583073	258.988521941989	258.832534392924	258.717314319676	258.634266360241	258.576447630497	258.538294298222	258.515378220228	258.504196643488	258.501987962569	258.506589564616	258.516309619955	258.529829204	258.546122662763	258.564394317052	258.584028458512	258.604550022289
86	486.289301032327	489.311167531623	469.279242237676	449.446491681862	431.743551839711	416.064946188057	402.256141200302	390.16009887581	379.622849993469	370.475601556911	362.526435415323	355.576739164992	349.444922100452	343.979776422134	339.061814087931	334.598593233264	330.518720338211	326.76655839514	323.298157619009	320.078248530661	317.07808944652	304.660245624087	295.339967809661	288.114255010088	282.39490133386	277.804028416871	274.084029831944	271.051505152254	268.571296672515	266.540851184883	264.880306544395	263.526013526817	262.426196334141	261.538012374519	260.825546894112	260.258440774682	259.810943148726	259.461229561563	259.190892269027	258.98450761661	258.829279008367	258.714681136903	258.632139792312	258.574731358367	258.536908999229	258.514259183109	258.503291466109	258.501254433858	258.505993823272	258.515824568922	258.529433189776	258.545798390127	258.564127968025	258.583808983492	258.604368573336
87	486.236897165777	489.280189642253	469.276786683828	449.442023746556	431.734553846584	416.049768330343	402.233799804933	390.130232712581	379.585693182851	370.43196369675	362.47752823154	355.5238815514	349.38930302288	343.922356070353	339.003322809003	334.539570551619	330.459560097593	326.707547239089	323.239504370551	320.020105785378	317.020568752901	304.6066951042	295.29083648161	288.069494911813	282.354338198068	277.767450762233	274.051225276269	271.022263958168	268.545409791426	266.518106503516	264.860485456484	263.508889011981	262.411532925007	261.525568669976	260.815079053152	260.249708006385	259.803713286628	259.455284325156	259.186031512651	258.980552085123	258.826071661842	258.712087031352	258.6300449086	258.573040719639	258.535544412685	258.513156875583	258.502399805724	258.500531836644	258.505406935067	258.515346700863	258.529043015854	258.545478877357	258.563865508212	258.58359269482	258.604189742156
88	486.184637311868	489.249222261584	469.274347767829	449.437623382595	431.725693869208	416.034815014844	402.21177483263	390.100771395348	379.549019137324	370.388870992898	362.429211767397	355.471645470919	349.334324914167	343.865587828841	338.94548887891	334.481206268832	330.401056325118	326.649188471806	323.181497938163	319.962603169756	316.963678158759	304.55373428074	295.242249818405	288.025237795913	282.314234581354	277.731293199984	274.018803286524	270.993369514649	268.519835428178	266.495641633893	264.840913020136	263.491983619876	262.397060984494	261.51329045301	260.804753043827	260.241095579603	259.796584589166	259.449423401937	259.181240482861	258.976653832463	258.822911108127	258.709530985204	258.627980880757	258.57137504229	258.534199994546	258.512070857717	258.501521306721	258.499819883364	258.504828667225	258.51487582709	258.528658529018	258.545163999778	258.563606835919	258.58337950935	258.604013460585
89	486.132520536681	489.218251222843	469.271924812495	449.43328873361	431.716968268827	416.02008050788	402.190058436669	390.071705144346	379.512816459558	370.346310816685	362.381472533744	355.420016880485	349.279973386297	343.809457129401	338.888297661071	334.423485759034	330.343194451782	326.591467652239	323.124124005015	319.90572652257	316.907408890022	304.501350105738	295.19419573982	287.981470564438	282.274580209566	277.69554628709	273.986755209839	270.964813923677	268.494566408528	266.473450096889	264.821583423834	263.475292178749	262.382775842819	261.501173892827	260.794565351809	260.232600449363	259.789554539911	259.443644675615	259.176517415325	258.972811399091	258.819796147842	258.707012018281	258.625946911155	258.569733679294	258.53287522104	258.511000705997	258.500655626751	258.49911829717	258.50425879567	258.514411765967	258.528279581764	258.544853637356	258.563351853241	258.583169347019	258.603839662984
90	486.080545917294	489.187307387747	469.269517166831	449.429018013338	431.708373541084	416.005559282709	402.168643047824	390.043024519654	379.477074142571	370.30426642982	362.334297494614	355.368982199973	349.226234530178	343.753949887471	338.831735003995	334.366394880469	330.285960422098	326.534370811708	323.067368727212	319.849462150208	316.8517447585	304.449529962224	295.146662565233	287.9381823661	282.235365090749	277.660200895312	273.955072676986	270.93658955262	268.469595800314	266.451525633117	264.802491054199	263.458809693884	262.368673094956	261.489215028612	260.784512782086	260.22421995815	259.782620635237	259.437946105723	259.171860609298	258.969023378369	258.816725625302	258.704529186222	258.623942231422	258.568116007406	258.531569587678	258.50994601252	258.4998024361	258.49842681145	258.503697104589	258.51395434256	258.527906032029	258.54454767448	258.563100465872	258.582962130721	258.603668286131
91	486.028712541559	489.156376977515	469.26712420473	449.424809502286	431.699906309659	415.991246009958	402.14752136165	390.014720405826	379.441781552241	370.262735054694	362.287674047146	355.318528297957	349.173094894571	343.699052480963	338.775787219988	334.3099199543	330.229340606245	326.477884432431	323.011218713125	319.793796806288	316.796672676537	304.3982616454	295.099638996117	287.895362939325	282.196579745692	277.625248197341	273.923747614401	270.908689022442	268.444916902778	266.429862193192	264.783630487128	263.442531339826	262.35474848558	261.477410143897	260.774592017863	260.21595119628	259.775780708096	259.432325627291	259.167268424674	258.96528841408	258.813698426429	258.702081578824	258.621966101057	258.566521426044	258.530282608356	258.508906384261	258.498961417097	258.497745169316	258.503143386056	258.513503388313	258.527537742933	258.544245999756	258.562852582949	258.582757786137	258.603499269103
92	485.977014058469	489.125452870396	469.264745323794	449.42066154452	431.691563320258	415.977135548517	402.126686326499	389.986783997411	379.406928410824	370.221700812246	362.241590002712	355.268642472193	349.120541466222	343.644751730177	338.720441065112	334.254047744582	330.173321827606	326.421995433627	322.955661003853	319.738717672284	316.742179979106	304.34753334481	295.053114099506	287.853002079186	282.158214811451	277.59067965371	273.892772192502	270.881105196585	268.420523236362	266.408453928454	264.764996479526	263.426452452975	262.340997902655	261.46575564744	260.764799951261	260.20779152557	259.769032395544	259.4267815618	259.162739169268	258.961605198098	258.810713476843	258.69966831844	258.620017806126	258.564949356234	258.529013814486	258.507881442378	258.49813226353	258.497073123164	258.502597439644	258.51305874076	258.52717458253	258.543948505792	258.562608116867	258.582556241623	258.603332553143
93	485.9254604055	489.094551876681	469.262379943282	449.416572544676	431.683341434967	415.963222936949	402.106131132172	389.959206785169	379.372504781329	370.181152674649	362.196033568998	355.219312431129	349.068561651016	343.591034878833	338.665683720141	334.198765439308	330.117891331223	326.366691152824	322.900683054681	319.684212339281	316.688254405782	304.297333627492	295.007077231451	287.81109002687	282.120261292996	277.55648693557	273.862138842579	270.853831170488	268.396408533154	266.387295182283	264.746583961366	263.410568524532	262.327417371286	261.454248067193	260.755133586698	260.199738374123	259.762373516795	259.421311944982	259.158271567437	258.957972354869	258.807769740031	258.697288558467	258.61809665803	258.563399239596	258.52776275417	258.506870821544	258.497314680124	258.496410434231	258.502059072089	258.512620243232	258.526816423585	258.543655089041	258.562366983142	258.58235742811	258.60316808163
94	485.87404532186	489.063666895507	469.260027506165	449.412540965106	431.675237626902	415.949503385437	402.085849199224	389.931980543162	379.338501052746	370.141079971539	362.150993332939	355.170526276386	349.017143253314	343.537889576103	338.611502772556	334.144060631407	330.063036765922	326.311959328148	322.846272717612	319.63026879062	316.634884083606	304.247651355435	294.961518287568	287.769617326561	282.082710481464	277.522662235856	273.831840238341	270.826860261665	268.372566727777	266.366380481793	264.728388028263	263.394875193856	262.314003047721	261.442884048339	260.745590021863	260.191789256576	259.755801965147	259.415915008162	259.153862707233	258.954388926124	258.804866108745	258.694941481942	258.616201992361	258.561870537403	258.526528991461	258.505874169331	258.496508382038	258.495756872188	258.501528096958	258.51218774459	258.526463143349	258.5433656496	258.562129100288	258.582161278929	258.603005799887
95	485.822767936273	489.032798721205	469.257687473952	449.408565323242	431.667248975183	415.9359722681	402.065834168838	389.905097316436	379.304907926079	370.101472375767	362.106458244808	355.122272486183	348.96627447132	343.485303859564	338.557886199495	334.089921306065	330.008746167407	326.257788081554	322.792418224729	319.576875385501	316.58205751092	304.198475954191	294.916427251593	287.728574822206	282.045553942118	277.489197615364	273.80186928568	270.800186000289	268.348991948799	266.345704530024	264.710403934375	263.379368242112	262.30075121414	261.431660345285	260.736166450188	260.183941770698	259.749315704765	259.410589042395	259.149513735419	258.950853579152	258.802001863516	258.692626207337	258.614333057748	258.560362729696	258.525312105609	258.504891145625	258.495713094387	258.495112214765	258.50100433433	258.51176109899	258.52611462337	258.543080091051	258.561894389631	258.581967729741	258.602845655149
96	485.771627387154	489.001948116491	469.255359328286	449.404644189077	431.659372660161	415.922625115768	402.046079893213	389.878549409416	379.271716401094	370.062319887269	362.062417602946	355.074539899627	348.915943861288	343.433266139084	338.504822351571	334.036335817658	329.955007942211	326.204165902932	322.739108172463	319.524020843416	316.529763541942	304.149796942657	294.871794506165	287.687953638415	282.008783502932	277.456085631647	273.772219112974	270.773802120307	268.325678510576	266.325262198513	264.692627085702	263.364043586135	262.28765827348	261.420573817771	260.726860157401	260.176193593804	259.742912767611	259.405332395872	259.145221996849	258.947365179764	258.799175922606	258.690342188134	258.612489490125	258.558875229949	258.524111598583	258.503921422054	258.494928551792	258.494476247383	258.500487610509	258.511340165611	258.525770749273	258.542798320308	258.561662775231	258.581776718424	258.602687596471
97	485.720622822404	488.971115813753	469.253042569741	449.400776182748	431.651605958914	415.90945760914	402.026580426517	389.852329374916	379.238917763759	370.023612820746	362.018861039316	355.02731770187	348.86614033665	343.381765181482	338.452299937531	333.983292879447	329.901810852532	326.151081635011	322.686331506659	319.471694229384	316.477991372242	304.101604246979	294.827610728722	287.64774517223	281.972391243806	277.423319011258	273.742883061876	270.747702550953	268.302620905529	266.305048520259	264.675053033722	263.348897273242	262.274720743575	261.409621427021	260.717668517604	260.168542479335	259.736591250546	259.400143471532	259.140986162973	258.943922631435	258.796387387157	258.688088557569	258.610670535604	258.557407750251	258.522927353496	258.502964681503	258.49415449796	258.493848762797	258.499977757749	258.510924808466	258.525431410608	258.542520247456	258.561434183719	258.581588184975	258.602531574644
98	485.66975339927	488.940302516281	469.250736715488	449.396959972311	431.643946241004	415.896465572318	402.007330016304	389.826430003666	379.206503574366	369.985341792256	361.975778505847	354.98059540975	348.816853149689	343.330790080009	338.400308009687	333.930781547673	329.849144001714	326.098524459035	322.634077508393	319.419884939954	316.426730524871	304.053888098693	294.783866879529	287.607941082478	281.936369486285	277.390890703404	273.713854678595	270.721881408759	268.279813796802	266.285058683066	264.657677469313	263.333925475227	262.261935252905	261.398800231505	260.708588989528	260.160986253639	259.730349312568	259.395020724698	259.136804948971	258.940524873767	258.793635387853	258.685864606965	258.608875619054	258.555959737972	258.521758715825	258.502020617574	258.493390685279	258.4932295608	258.499474613991	258.510514896171	258.52509650066	258.542245785637	258.561208544226	258.581402071412	258.602377542112
99	485.619018284149	488.909508899448	469.248441301238	449.39319427161	431.636390964434	415.883644966629	401.988323095311	389.800844314439	379.174465656213	369.947497706937	361.933160261388	354.93436285859	348.768071877848	343.280330308805	338.34883595012	333.878791207788	329.796996820609	326.046483881196	322.582335780542	319.368582689877	316.375970837239	304.006639022489	294.740554190198	287.568533279248	281.900710783808	277.358793870891	273.685127705602	270.696332989934	268.257252011312	266.265288023174	264.640496217258	263.319124483416	262.249298535977	261.388107382871	260.69961911298	260.153522812903	259.724185172204	259.389962660919	259.132677111956	258.937170881021	258.790919083753	258.683669650674	258.607104205567	258.554530655338	258.520605411011	258.501088934147	258.492636874445	258.492618447896	258.498978022597	258.510110301744	258.524765916282	258.541974850882	258.560985788242	258.581218321694	258.602225452913
100	485.56841665243	488.878735611816	469.246155878157	449.389477838262	431.628937671838	415.870991884853	401.969554273786	389.775565544664	379.142796084924	369.910071747301	361.890996859408	354.888610189376	348.719786410702	343.230375600072	338.297873457459	333.827311561331	329.745359054521	325.994949719661	322.531096234946	319.317777499472	316.325702449109	303.95984782455	294.697664152931	287.52951391386	281.86540792301	277.327021881636	273.656696073773	270.67105176314	268.234930533135	266.245732019277	264.623505230484	263.304490703823	262.236807428994	261.377540122102	260.690756505499	260.146150120243	259.718097105024	259.384967833861	259.128601449214	258.93385966068	258.788237661171	258.681502934527	258.605355705239	258.553120120909	258.51946708482	258.500169344924	258.491892834095	258.492015237008	258.498487832146	258.509710902416	258.524439557759	258.541707362019	258.560765849521	258.581036881633	258.602075262591
