0	1	1.1	1.2	1.3	1.4	1.5	1.6	1.7	1.8	1.9	2	2.1	2.2	2.3	2.4	2.5	2.6	2.7	2.8	2.9	3	3.5	4	4.5	5	5.5	6	6.5	7	7.5	8	8.5	9	9.5	10	10.5	11	11.5	12	12.5	13	13.5	14	14.5	15	15.5	16	16.5	17	17.5	18	18.5	19	19.5	20
1	1960.05914857478	2093.55658052186	2361.00020607464	2571.29886835399	2732.95532189482	2856.23966786155	2948.44130690219	3015.34912620008	3062.59243558787	3095.34724592776	3117.75381907066	3132.81890161862	3142.63214777632	3148.63114100723	3151.8121515527	3152.87594513848	3152.32419814202	3150.52252947639	3147.74193595109	3144.18644277368	3140.01184795463	3113.27592401572	3081.57119914508	3047.92755102513	3013.53066024654	2978.86849480554	2944.13147520505	2909.37302107911	2874.58071777605	2839.71064131594	2804.70487620804	2769.50130507512	2734.03958255408	2698.26531648697	2662.13326438715	2625.61050270691	2588.67908033186	2551.33871697315	2513.60885507268	2475.5305428417	2437.1667109552	2398.60161111375	2359.93823753203	2321.29468466971	2282.79877826528	2244.58212343382	2206.77397043186	2169.49563639728	2132.85600645812	2096.94844826794	2061.84920748278	2027.61710532854	1994.29435001873	1961.90801645109	1930.4719704188
1.01325	1960.09595702263	2093.63255350003	2361.26819819827	2571.83971207095	2733.76867871973	2857.29252332382	2949.69455311343	3016.76215715905	3064.12601619674	3096.96775028673	3119.43515921341	3134.54191279177	3144.383032407	3150.39997179913	3153.59172326029	3154.66096115469	3154.11071072389	3152.30755629068	3149.52319515527	3145.96216804096	3141.7806575157	3114.9975436057	3083.235371764	3049.53032970576	3015.07033566709	2980.34419340595	2945.54261354798	2910.71908042388	2875.86115470486	2840.92486350982	2805.85225295582	2770.5812006555	2735.05140675462	2699.20858992424	2663.00769562434	2626.41607718992	2589.41615857677	2552.00811461942	2514.21194795992	2476.06931920442	2437.64380678356	2399.02030133188	2360.30237726212	2321.60860545295	2283.06714537689	2244.80976717939	2206.96572156279	2169.65616807999	2132.98970927133	2097.05934082219	2061.94088473148	2027.69272026386	1994.35662239581	1961.95925994247	1930.51413108934
2	1961.87043660356	2097.02548086949	2373.65697851492	2597.80410093307	2773.9277025332	2910.28996733487	3013.64696629384	3089.59128810022	3143.73965416607	3181.51885049148	3207.46360970361	3224.96401841976	3236.41483394246	3243.47659721076	3247.30316955951	3248.70611676359	3248.26544664579	3246.40276683002	3243.42964564508	3239.57991638972	3235.0315821517	3205.70142861967	3170.81114691055	3133.75216487682	3095.83874120566	3057.60753901395	3019.26666033319	2980.87446224758	2942.41858952574	2903.85386153547	2865.12204127237	2826.16284320449	2786.92092662365	2747.35090040944	2707.42110897718	2667.1173294937	2626.44546512916	2585.43390246731	2544.13463984395	2502.62357693138	2460.99873618352	2419.37687209253	2377.88873065804	2336.67260997861	2295.86796532052	2255.60871303733	2216.01768064489	2177.20239633107	2139.25249305443	2102.23868466573	2066.21307446905	2031.21045276069	1997.25022171593	1964.33862759738	1932.47105191606
3	1962.8916493751	2098.62314160746	2379.77225828152	2611.41860915801	2795.99289774347	2940.37876326172	3050.81409728337	3132.65112916393	3191.40338888946	3232.58659410581	3260.9545070403	3280.13639933356	3292.72739455305	3300.53789038635	3304.82900033202	3306.48801011186	3306.14849403035	3304.27030936443	3301.19268495914	3297.16972455381	3292.39447995938	3261.4403113747	3224.52569952878	3185.28471162837	3145.11833279737	3104.59683888836	3063.94140782099	3023.21513888018	2982.40732105738	2941.47376051509	2900.35807725739	2859.00355124213	2817.36078354718	2775.39313468013	2733.0810290474	2690.42525910162	2647.44991032465	2604.20384470682	2560.7608490818	2517.21852186923	2473.69483552616	2430.32324400239	2387.24624049585	2344.60855294102	2302.54992955605	2261.19935500746	2220.67019964672	2181.05729842671	2142.43566401211	2104.86065400205	2068.36923685187	2032.98197030376	1998.70534364276	1965.53420891342	1933.45410948696
4	1963.65462195058	2099.60408501596	2383.58939371373	2620.23424534565	2810.72458744075	2960.92248054313	3076.60941628144	3162.90449860421	3225.19647461712	3269.0282074326	3299.29678073973	3319.80534169753	3333.30088486368	3341.70973675947	3346.37675431388	3348.24854232219	3348.00071570543	3346.1231402456	3342.97671679824	3338.83140223667	3333.89201007526	3301.73604615278	3263.30745740638	3222.42862626018	3180.56809262208	3138.32275154449	3095.9246032603	3053.44120099925	3010.86392857998	2968.15046483588	2925.24687904316	2882.10042989153	2838.66763178024	2794.91998026163	2750.84840305095	2706.46644667228	2661.81287039901	2616.95242438002	2571.97502845696	2526.99351185139	2482.13889706823	2437.5544018727	2393.38836364754	2349.7868395496	2306.88685584417	2264.81111614297	2223.66403657423	2183.52981147927	2144.47205066676	2106.53471317479	2069.74393623125	2034.11037357599	1999.63172375271	1966.29521516377	1934.07989837233
5	1964.29464221475	2100.29430303833	2386.2742530876	2626.59737652718	2821.60200810377	2976.35397073439	3096.23456542662	3186.14526455399	3251.34562400425	3297.37484549196	3329.23097620696	3350.8529010849	3365.11078653046	3374.02662034528	3379.01491656526	3381.07186391125	3380.90819403904	3379.0388716226	3375.8429007062	3371.60348036852	3366.53521893108	3333.41807016942	3293.76840759028	3251.56488983295	3208.33232360299	3164.6900301068	3120.87942395873	3076.97225575037	3032.96223976684	2988.80916157721	2944.46188046029	2899.87169908526	2855.00080645967	2809.82819854675	2764.35416849809	2718.60329606937	2672.62665428244	2626.5018946029	2580.33156917985	2534.23984340435	2488.36686642959	2442.86198733245	2397.87625635241	2353.55498384185	2310.03133215624	2267.42165433221	2225.82232978091	2185.30854457692	2145.93465472063	2107.73564063873	2070.72929874371	2034.91878912156	2000.29525065032	1966.84028507649	1934.52819235944
6	1964.86478786746	2100.82159583489	2388.30012691912	2631.49431072971	2830.12532083359	2988.61574535468	3111.99387345353	3204.95946839678	3272.64439006028	3320.56667796162	3353.79834214725	3376.38884876752	3391.31226110761	3400.67255332364	3405.94439587296	3408.16691631504	3408.08137448621	3406.22446679859	3402.99091342415	3398.67537964584	3393.50097036966	3359.57932077063	3318.90043545618	3275.57781407948	3231.18494666069	3186.36074915344	3141.35506840717	3096.24363272366	3051.02256727706	3005.65391869762	2960.08941933424	2914.28442381906	2868.20647735332	2821.84153866144	2775.19835787247	2728.31124214387	2681.24190794361	2634.07863180627	2586.9343397028	2539.94193312202	2493.24818325206	2447.00635747998	2401.36849797448	2356.47808897797	2312.46404855213	2269.43669125356	2227.4851594876	2186.67690898848	2147.05855331769	2108.6577139392	2071.48545868643	2035.53897725388	2000.80423336577	1967.25842411445	1934.87215336981
7	1965.39036510655	2101.24796605349	2389.90155621424	2635.42685594212	2837.07274288527	2998.72896028765	3125.10948525712	3220.72716640676	3290.58987929153	3340.18382602776	3374.63639813955	3398.08968264832	3413.60771072408	3423.36647480395	3428.89389625076	3431.26723227877	3431.25484559761	3429.41280172023	3426.14976649463	3421.77059521355	3416.50592294678	3381.89044731842	3340.3185042298	3296.0229928716	3250.62055525603	3204.76764884681	3158.72181819527	3112.56258108353	3066.28849731895	3019.8639460032	2973.24357198002	2926.38662944413	2879.26585874313	2831.87363145185	2784.22643027513	2736.36725880754	2688.36709820767	2640.32343545582	2592.35764990813	2544.60962775278	2497.23105898119	2450.37767468668	2404.20148510745	2358.84351490145	2314.42853011472	2271.06099636099	2228.82362766189	2187.77711653841	2147.96144762788	2109.39803804393	2072.09235019904	2036.03664659305	2001.21265174979	1967.59397590497	1935.1482270181
8	1965.88522719683	2101.60740313531	2391.2101635623	2638.68253356044	2842.89760375056	3007.29506793413	3136.30671792436	3234.27176311818	3306.07860111818	3357.17488812683	3392.72978582385	3416.96457516066	3433.02259715281	3443.14431941681	3448.90559293364	3451.41810010205	3451.47471890348	3449.64904628865	3446.36234763694	3441.92868895792	3436.58551367027	3401.35878945426	3358.9958621137	3313.83718508846	3267.53844584395	3220.77199953738	3173.80252936917	3126.71317776626	3079.5049346553	3032.14453896224	2984.58953475897	2936.80298448212	2888.76253353203	2840.46659339282	2791.93874756676	2743.22985690962	2694.41911411972	2645.61199006049	2596.93698426525	2548.53963188987	2500.57532227166	2453.20128949994	2406.56876620793	2360.81619467179	2316.06398431259	2272.41132176463	2229.93505791584	2188.68989679297	2148.71004354	2110.01157712067	2072.59517617571	2036.44893153653	2001.55099967917	1967.87198590359	1935.37699749193
9	1966.35775858525	2101.92035666928	2392.30643581221	2641.44022585233	2847.88597046667	3014.69725041091	3146.05076604519	3246.12383633771	3319.6902133319	3372.15445992853	3408.71740311157	3433.66895050155	3450.22341800939	3460.67967631948	3466.65730734198	3469.29950745834	3469.4216141709	3467.61324396425	3464.30723060405	3459.82608335295	3454.41346319604	3418.63961759386	3375.56527085473	3329.62911998792	3282.52254590366	3234.9325859852	3187.1305720423	3139.20313192881	3091.15366465011	3042.95127111505	2994.55636095014	2945.9356929199	2897.07159263706	2847.96815427704	2798.65546709804	2749.19173555184	2699.66332653349	2650.18277299815	2600.8846517528	2551.91912646127	2503.44438169127	2455.61843924505	2408.59137063364	2362.4987731388	2317.45692517218	2273.56005525624	2230.87967404788	2189.46512389313	2149.34550460366	2110.5322142962	2073.02178085218	2036.79869364342	2001.83804362969	1968.10786421283	1935.5711287521
10	1966.81332323658	2102.19992503235	2393.24279696165	2643.81817202141	2852.22916602135	3021.19413706904	3154.65750351581	3256.64525894836	3331.82109001655	3385.54373523227	3423.0376074506	3448.65295519293	3465.6681580702	3476.43561452064	3482.6151793661	3485.37916753318	3485.5636780251	3483.7731961314	3480.45125264133	3475.92812748842	3470.45326400961	3434.18362243959	3390.46175267154	3343.81702938857	3295.97382741974	3247.63282715194	3199.07162559469	3150.38020674194	3101.56435034246	3052.59550692581	3003.43690777468	2954.05889631041	2904.44825247035	2854.61449579969	2804.59376036377	2754.45085351905	2704.27877580221	2654.19626211321	2604.34312959815	2554.87336975875	2505.94727303107	2457.72313595883	2410.34957469591	2363.95927786601	2318.66454335864	2274.55496426727	2231.69715761101	2190.13562042322	2149.89488574324	2110.98220432989	2073.39044456051	2037.10093857414	2002.08610078563	1968.31172618691	1935.73893554277
11	1967.25554419368	2102.45491381717	2394.05508894644	2645.8982502407	2856.0612075141	3026.96820352729	3162.35101525355	3266.0936943251	3342.75438600537	3397.64405267246	3436.00452546937	3462.23931992929	3479.68534683216	3490.74439619461	3497.11373704909	3499.99279555098	3500.23703939515	3498.46478843367	3495.12958818042	3490.56895013789	3485.0376943124	3448.31431927255	3403.99746318133	3356.700881085	3308.17969983283	3259.14737530473	3209.88743953129	3160.49311928182	3110.97254202514	3061.29945402818	3011.43995622542	2961.36777227019	2911.07400088764	2860.57323952587	2809.90733298966	2759.14716431862	2708.39176493325	2657.76540342125	2607.41245271707	2557.49009087744	2508.16017712372	2459.5809000966	2411.89922170135	2365.24491141221	2319.72644523635	2275.42907431708	2232.41490506303	2190.72402114706	2150.37683316847	2111.37687416996	2073.71375017937	2037.36599101378	2002.30364361004	1968.49052840148	1935.88613539935
12	1967.68696977933	2102.69146985204	2394.76877777217	2647.7392937575	2859.47932365846	3032.15280446781	3169.29588881711	3274.65909224058	3352.699283754	3408.67848378163	3447.85084933738	3474.66737709835	3492.51874552125	3503.85265892118	3510.4013619357	3513.38969265084	3513.69129464421	3511.93748616728	3508.59115449209	3503.99670928026	3498.41392884563	3461.27194867804	3416.40412209885	3368.50323305364	3319.35330698501	3269.67978835317	3219.77187632268	3169.72593782708	3119.55241279138	3069.22734795879	3018.71956760771	2968.00616700507	2917.08236012516	2865.96756590538	2814.70899100445	2763.38315392538	2712.0946003539	2660.97256805761	2610.1654169244	2559.83298921651	2510.1382870792	2461.23910105414	2413.28060508036	2366.38967145822	2320.67111307587	2276.20610303238	2233.05256931402	2191.24654844311	2150.80469985352	2111.72719414089	2074.00070082214	2037.60123682139	2002.49673246228	1968.64924700025	1936.01681858673
13	1968.10945253533	2102.91401399176	2395.40254739271	2649.38486803134	2862.55615402033	3036.84822577492	3175.61644135867	3282.48544983967	3361.81475554418	3418.81680504075	3458.75389782392	3486.1195963057	3504.35428535051	3515.94859422837	3522.66761733962	3525.76015181013	3526.11698916523	3524.38171561609	3521.02605781916	3516.40085306722	3510.77066408583	3473.23989107481	3427.85854914379	3379.39388811293	3329.65714594453	3279.3851695137	3228.87255821201	3178.21872663123	3127.43639088962	3076.50386878146	3025.3926545319	2974.08311766143	2922.57442889792	2870.89059734701	2819.08388134227	2767.23604843162	2715.45671076489	2663.87959254257	2612.65656164431	2561.94969302576	2511.92278921617	2462.73301993785	2414.52368265975	2367.41879453657	2321.51965932865	2276.90360991045	2233.62468601528	2191.7151911053	2151.18834796691	2112.04126301368	2074.25794095668	2037.81212591119	2002.66983883526	1968.79155352651	1936.13400323105
14	1968.52437667923	2103.12580304711	2395.97041727983	2650.86804896495	2865.34730000319	3041.13169983571	3181.40891830911	3289.68449115894	3370.2244205469	3428.19123724693	3468.85190360679	3496.73834944463	3515.33710516065	3527.179117337	3534.06051965094	3537.25277968472	3537.66294029419	3535.94621873985	3532.58272216835	3527.92939215963	3522.25529026504	3484.36135885735	3438.49879101482	3389.50532251471	3339.21797668723	3288.38444709429	3237.30451298586	3186.08055170197	3134.72751930057	3083.22597317249	3031.55002470267	2979.68322528384	2927.62855611155	2875.41437977565	2823.09780870295	2770.76543706625	2718.5315783501	2666.53402603889	2614.92774817231	2563.87669168974	2513.5451806394	2464.08959141763	2415.65128867291	2368.35148860491	2322.28813282903	2277.53492870418	2234.14228305244	2192.1390383983	2151.53525047286	2112.32521516953	2074.49050209439	2038.00278613116	2002.82634932572	1968.9202287932	1936.23997554848
15	1968.9328008096	2103.32928372016	2396.4832030535	2652.21448385871	2867.89620068875	3045.06390102016	3186.74916384092	3296.34461746285	3378.02629989493	3436.90676939001	3478.25473337799	3506.6368370438	3525.58265279417	3537.66115150564	3544.69789133566	3547.98588411536	3548.44763386682	3546.74942779891	3543.37934942759	3538.7001493172	3532.98515571245	3494.75036916065	3448.43472402776	3398.94295177338	3348.13659220648	3296.77374835363	3245.159126285	3193.39800820281	3141.50755354796	3089.47052704079	3037.2636053584	2984.87343431436	2932.30667012696	2879.59586231305	2826.80265194877	2774.01822950468	2721.36123903368	2668.97317959501	2617.01176876834	2565.6425208734	2515.03005215752	2465.32981123004	2416.6811967416	2369.20268524517	2322.98899524303	2278.11040294816	2234.61390849298	2192.52513132875	2151.85119445173	2112.58379951165	2074.70227849801	2038.17640610729	2002.9688797718	1969.03742061986	1936.33650095567
16	1969.33555081862	2103.52632380409	2396.94949285026	2653.44442205745	2870.23739242883	3048.6933303545	3191.69805654854	3302.53695677172	3385.29941667772	3445.04816041455	3487.0511637425	3515.90659216027	3535.18431690361	3547.48929566765	3554.67507642154	3558.05521383622	3558.56697059496	3556.88720513653	3553.51161828518	3548.80849227414	3543.05528623563	3504.49919539117	3457.7552504451	3407.79204252609	3356.4945375944	3304.63075840052	3252.51021456994	3200.24100055774	3147.84244776747	3095.29949453531	3042.59133109339	2989.70761534149	2936.65855293444	2883.48070476224	2830.24001515416	2777.03199511669	2723.97930582297	2671.22684216247	2618.93476338139	2567.26989169124	2516.39694534894	2466.4703399783	2417.62749194505	2369.98416450684	2323.63210026217	2278.63820441756	2235.04631134103	2192.87902596574	2152.14074130877	2112.82075791913	2074.89633799602	2038.33550582032	2003.09949739909	1969.14482650218	1936.42497545872
17	1969.73328232181	2103.71843047436	2397.37579747076	2654.57410286974	2872.39875252796	3052.05936748029	3196.30516316327	3308.31957410913	3392.10840576981	3452.68482597514	3495.31396424714	3524.62268786984	3544.21871826759	3556.74117112676	3564.07033473214	3567.53937026081	3568.09968289203	3566.43825558839	3563.05808499616	3558.33276448037	3552.54366719853	3513.68360617955	3466.53333743012	3416.12255445807	3364.35864754853	3312.01916631691	3259.4182646221	3206.66678139367	3153.78618466943	3100.76355446683	3047.58054681134	2994.22975301181	2940.72481064354	2887.10613035049	2833.44375001425	2779.83725636304	2726.41305979707	2673.31915624062	2620.71788600096	2568.77715642957	2517.66162891353	2467.52460369086	2418.50151096544	2370.70550546089	2324.22536309439	2279.12489215274	2235.44490342407	2193.20517525025	2152.4075501001	2113.03909142114	2075.07514070064	2038.48210051754	2003.21985545888	1969.24380409977	1936.50651535414
18	1970.12652376042	2103.90661802335	2397.76765693251	2655.61672888865	2874.40308328328	3055.19427660667	3200.61135754363	3313.74047448785	3398.5068012975	3459.87433084903	3503.10351451664	3532.84746343814	3552.74951082555	3565.48131279208	3572.94870580753	3576.5036837955	3577.11121612268	3575.46800478561	3572.08405348701	3567.33805509879	3561.51514032536	3522.36656525502	3474.82962139822	3423.99260759675	3371.78444034579	3318.99184137614	3265.93346204267	3212.72282576325	3159.38350174728	3105.90468042268	3052.27043718726	2998.47621911654	2944.53898967667	2890.50285875975	2836.44176844275	2782.45915564614	2728.68493783594	2675.26994612473	2622.37848296723	2570.17934343608	2518.83699850995	2468.50356859863	2419.31250303195	2371.37441524198	2324.77522860193	2279.57580285873	2235.81408799741	2193.50720073469	2152.65459278698	2113.24123685929	2075.24068382812	2038.61782751661	2003.33129706675	1969.33545635012	1936.58202758599
19	1970.51570687137	2104.09183285828	2398.12954415868	2656.58316401893	2876.26925502636	3058.12496661528	3204.65072859021	3318.83979108328	3404.53943723238	3466.66494292869	3510.47052628815	3540.63326059359	3560.83015364393	3573.76390312286	3581.36483977315	3585.0030571768	3585.65656945774	3584.03143783129	3580.64440665436	3575.8790797848	3570.02418574367	3530.60098969153	3482.69504780161	3431.45101871001	3378.81853154136	3325.59315746163	3272.09791123928	3218.44894391918	3164.67189190621	3110.75802554876	3056.69379258167	3002.47743117592	2948.12911721692	2893.69653007686	2839.25733906919	2784.91862636517	2730.81358679754	2677.09567932475	2623.93094468805	2571.48890411918	2519.93372536601	2469.41629884838	2420.0681051916	2371.99728239064	2325.28701009694	2279.99533345561	2236.15748940924	2193.78808205951	2152.88431449793	2113.42919867445	2075.39461006422	2038.74403334812	2003.43492679287	1969.42069034189	1936.65225811119
20	1970.90118851921	2104.27478056958	2398.46514471575	2657.48244403227	2878.01304710768	3060.87400699245	3208.45199236165	3323.6514101305	3410.24423261934	3473.09753263289	3517.45793211706	3548.02445559617	3568.50598775931	3581.63491442677	3589.36510107859	3593.08407040623	3593.78241414	3592.17521605545	3588.78572577357	3584.00227626123	3578.11708431888	3538.43177604857	3490.17283793948	3438.53919191174	3385.50042408173	3331.86072389314	3277.94728354527	3223.8788461198	3169.68308638267	3115.35332242917	3060.87833015052	3006.25906965277	2951.51884511317	2896.7087604096	2841.91002779737	2787.23327863309	2732.81468994394	2678.81018224424	2625.3873332944	2572.7162627073	2520.96073300394	2470.27036597129	2420.77469027064	2372.57943415436	2325.76507281352	2280.38714472143	2236.47812410468	2194.05029817273	2153.09874893223	2113.60464373683	2075.53828526762	2038.8618375679	2003.53166301906	1969.50026029478	1936.71782721638
21	1971.28326745387	2104.45602559864	2398.77753761851	2658.3221565735	2879.64777732592	3063.46052329069	3212.03955764445	3328.20419757281	3415.65354147015	3479.20701105004	3524.10244417682	3555.05900073274	3575.81580302069	3589.13368633229	3596.98915840743	3600.78659769166	3601.52870105209	3599.93928401859	3596.54787959057	3591.74739395197	3585.83340959167	3545.89737232576	3497.2999794852	3445.29255015104	3391.86396464674	3337.82669675435	3283.51206356879	3229.04133047592	3174.4441770795	3119.71594264182	3064.84768748612	3009.84302967304	2954.72830652411	2899.55793659494	2844.41654755752	2789.41806063574	2734.70153830643	2680.42514301008	2626.75785633013	2573.87022787335	2521.92555374786	2471.072154346	2421.43762749362	2373.12535472867	2326.21326183521	2280.75431444455	2236.77852701957	2194.29593159907	2153.29960413846	2113.76897176654	2075.67285627408	2038.9721801652	2003.62227682675	1969.57479947979	1936.77925575213
22	1971.66214864405	2104.6360221733	2399.06931826631	2659.10872848728	2881.18478025431	3065.90081285161	3215.43433402473	3332.52290475298	3420.79518841025	3485.02343399642	3530.43569220636	3561.7696096579	3582.79304559173	3596.29414627987	3604.27126562922	3608.14503338787	3608.9298943614	3607.35810118149	3603.96526885387	3599.14872859063	3593.20732273038	3553.03093405885	3504.10837784141	3451.74164291811	3397.93827430123	3343.51878576494	3288.81851153532	3233.96118984878	3178.97847910037	3123.86770741414	3068.62217955119	3013.2481110647	2957.77478719534	2902.25982661643	2846.79113674295	2791.48576865921	2736.48550083788	2681.95057156905	2628.05120909768	2574.95830565259	2522.83459939954	2471.82709377084	2422.06147905352	2373.63885155003	2326.63467666945	2281.09945285412	2237.06084708579	2194.52674718167	2153.48832727898	2113.92336850578	2075.79929451046	2039.07585732414	2003.70742133839	1969.6448443159	1936.83698494149
23	1972.03813957794	2104.81513526234	2399.34269217761	2659.84764601749	2882.63377596013	3068.20902394446	3218.65437267166	3336.62903924658	3425.6932440849	3490.5728650586	3536.48512125677	3568.18468096097	3589.4667588509	3603.14576166706	3611.24114205831	3615.18925848052	3616.01593722344	3614.46160842607	3611.06778226253	3606.23607980508	3600.26850022923	3559.86126488353	3510.62574302981	3457.91299352125	3403.74865257298	3348.9610398529	3293.88940951189	3238.65992690761	3183.30620109644	3127.827520574	3072.2193949827	3016.49057962757	2960.67322697078	2904.82805346872	2849.04610759457	2793.4474328086	2738.17636491831	2683.39506720046	2629.27488270195	2575.98694076049	2523.69336981523	2472.5398373595	2422.6501514783	2374.12318258268	2327.03201938542	2281.42479110135	2237.32692046142	2194.74425245708	2153.66615425897	2114.06884645914	2075.9184294141	2039.17354883758	2003.78765420393	1969.71085282565	1936.89139154558
24	1972.41137890026	2104.99365883623	2399.59954739556	2660.54362588164	2884.0031572563	3070.39730201827	3221.71531256725	3340.54122938867	3430.3687834772	3495.87804766219	3542.27469873632	3574.32902652352	3595.8623255816	3609.71429103956	3617.92478131657	3621.9453988983	3622.8130117567	3621.27598667588	3617.88155620919	3613.03550455861	3607.04289529872	3566.41355399356	3516.8763018736	3463.8297881114	3409.31720571275	3354.17446572783	3298.74465033004	3243.15630768827	3187.44497331752	3131.61186541488	3075.65466134894	3019.58460110861	2963.43662800481	2907.27445062666	2851.19215737245	2795.31262841749	2739.78262050212	2684.76608438656	2630.43534838183	2576.96170481639	2524.50661533968	2473.21440071904	2423.20701349421	2374.58115539897	2327.40761719317	2281.73224991823	2237.57832725963	2194.94974438669	2153.83414814811	2114.20627642512	2076.03097428417	2039.26583929527	2003.86345498001	1969.77321890551	1936.94279959678
25	1972.78202629586	2105.17182984583	2399.84151107794	2661.20074957233	2885.30021683475	3072.47627210621	3224.63094550129	3344.27581980022	3434.8402049105	3500.95892064156	3547.82548169363	3580.2244512154	3602.00205984321	3616.02238321438	3624.34504196004	3628.43643163737	3629.3441457145	3627.82426364129	3624.42957930003	3619.56992297056	3613.55333591307	3572.70993952311	3522.8813584141	3469.51241016667	3414.66336358174	3359.1775196017	3303.40170635556	3247.46681203482	3191.41026897138	3135.23520035692	3078.94141568033	3022.5425860409	2966.07637316853	2909.6093875187	2853.23863444384	2797.08971298073	2741.31166459969	2686.07010031258	2631.53824628219	2577.88744872893	2525.27847052724	2473.85427895153	2423.73499834884	2375.01521667136	2327.763500762	2282.02349365882	2237.8164362211	2195.14434615005	2153.99322940477	2114.33641229503	2076.13754661715	2039.35323476061	2003.93523881122	1969.83228355946	1936.991489634
26	1973.1501940618	2105.34983912435	2400.0699942069	2661.82256996901	2886.53132797394	3074.45524994923	3227.41327823919	3347.8472034931	3439.12375930692	3505.83316503044	3553.15606500421	3585.89022522624	3607.90568288862	3622.09005932553	3630.52213291078	3634.68267163991	3635.62970144551	3634.12680230774	3630.7321806857	3625.85960358283	3619.82000916277	3578.77004181381	3528.65974660899	3474.97887594238	3419.80429539627	3363.9865116289	3307.87600923976	3251.60598409949	3195.21573930756	3138.71027705517	3082.09150228347	3025.37546732089	2968.60248351718	2911.84197490254	2855.19375801462	2798.78603231938	2742.77000169979	2687.31282161441	2632.58850744738	2578.76840329538	2526.01252971497	2474.46249747985	2424.23663109854	2375.42745803272	2328.10139148574	2282.29997500812	2238.04244199145	2195.32903814045	2154.14420159652	2114.45991236445	2076.23868575007	2039.43617736951	2004.0033685074	1969.88834488661	1937.03770695674
27	1973.51605665151	2105.52784000272	2400.28622725902	2662.41219677332	2887.70209007552	3076.34244573701	3230.07295456942	3351.26811894575	3443.23384874484	3510.51638705427	3558.28295516168	3591.34345537824	3613.59071436827	3627.93510787253	3636.47401249647	3640.70216004103	3641.68777337085	3640.20169839714	3636.80742635139	3631.92255870646	3625.86085499199	3584.61125284684	3534.22820299707	3480.24519210667	3424.75525025622	3368.61591405544	3312.18125284361	3255.58672868742	3198.87349157029	3142.04839836093	3085.11541416231	3028.09292467344	2971.02382542449	2913.98027056149	2857.06478819205	2800.40806744725	2744.16336089568	2688.4992615837	2633.59048470979	2579.60830881994	2526.7119798115	2475.0417514878	2424.71417669768	2375.81977318076	2328.42286648834	2282.56296014297	2238.25738416282	2195.50467213607	2154.28776176743	2114.57734678151	2076.33485811293	2039.51504897028	2004.06815702289	1969.94165975703	1937.08166277782
28	1973.87969656297	2105.70595515503	2400.49128892331	2662.97236557841	2888.81744672774	3078.14513008226	3232.61942176118	3354.54989287203	3447.18329587085	3515.02251876262	3563.22087063127	3596.59940390096	3619.07278288935	3633.57340136784	3642.21670492367	3646.51103514215	3647.5345122107	3646.06510471702	3642.67144284666	3637.7748668372	3631.69188711214	3590.2491121163	3539.60166153475	3485.32563810902	3429.5298304393	3373.07863932585	3316.32964742538	3259.42054725113	3202.39431250603	3145.25962943043	3088.02249046482	3030.70356844197	2973.34828072684	2916.03143251097	2858.8581696052	2801.96156702573	2745.49682015185	2689.63386090495	2634.54802257634	2580.41046119933	2527.37962028541	2475.59439859526	2425.16960562584	2376.19379826158	2328.72927690136	2282.81357450013	2238.46218847889	2195.67200818438	2154.42453325538	2114.68922656813	2076.42648271504	2039.5901933231	2004.1298866623	1969.99246029733	1937.12354823817
29	1974.24120960397	2105.88428224271	2400.68612941601	2663.50549416724	2889.88178257794	3079.86977000051	3235.0611026395	3357.70263967681	3450.98356601061	3519.36402848772	3567.98296392164	3601.67174287704	3624.36589449836	3639.01916629183	3647.76457877615	3652.12373268716	3653.18440241401	3651.7315065522	3648.33869229844	3643.43094823313	3637.32746820207	3595.69754901578	3544.79350948029	3490.23301243641	3434.1402229595	3377.38625166045	3320.3321246211	3263.11773357231	3205.78785216235	3148.35297308047	3090.82107916168	3033.21509082893	2975.58288643616	2918.00184719299	2860.57964801602	2803.45165239972	2746.77489979129	2690.72056963219	2635.46453847387	2581.17778859984	2528.01793740738	2476.1225325013	2425.60466823606	2376.5509875967	2329.02182502347	2283.05280814592	2238.65766789887	2195.83171253673	2154.55506148235	2114.79599806199	2076.51392490363	2039.66190971989	2004.1888028794	1970.04094809488	1937.16352917294
30	1974.60068131917	2106.0628981664	2400.87158955454	2664.01372874645	2890.89900252922	3081.52214153508	3237.40556786838	3360.73542952327	3454.64495082158	3523.55209625823	3572.581137556	3606.57276807171	3629.48264844434	3644.2852023735	3653.13055735199	3657.55324730164	3658.65047081493	3657.21393454232	3653.82218496816	3648.90377423996	3642.78051758658	3600.96909968266	3549.81579284361	3494.97882883321	3438.59738968205	3381.54914912609	3324.19851540582	3266.68754191832	3209.06278118495	3151.336508757	3093.51867303497	3035.63439138514	2977.73395062422	2919.89723572633	2862.23436695177	2804.88286986715	2748.00164017507	2691.76291566769	2636.34308230859	2581.91290246243	2528.62914715645	2476.62801833905	2426.02092319147	2376.89263590149	2329.30158501609	2283.28154650028	2238.84455031873	2195.98438266289	2154.67983632136	2114.89806280614	2076.59751390922	2039.73046829066	2004.24512754982	1970.08730562998	1937.20175588219
31	1974.95818847746	2106.24186286656	2401.04841647533	2664.49898218314	2891.87259829013	3083.1073715957	3239.65952843515	3363.65642301902	3458.17672596181	3527.59686885297	3577.02605608312	3611.31357802866	3634.4344199687	3649.3830679216	3658.32631515756	3662.81132005767	3663.94448850744	3662.52416160906	3659.13367518668	3654.20506484873	3648.06270863367	3606.07508712353	3554.67939034852	3499.57348339056	3442.91122589652	3385.57671763331	3327.93768476058	3270.1383140902	3212.22691470785	3154.21752169754	3096.12201775555	3037.96768215047	2979.80714991966	2921.7227438243	2863.82695006748	2806.25940529321	2749.18066649982	2692.76406198936	2637.18638645376	2582.61814066877	2529.21523239707	2477.11252417244	2426.41976387454	2377.21990022646	2329.5695012161	2283.50056444921	2239.02346968362	2196.13053579831	2154.79927952379	2114.99576455179	2076.67752996975	2039.79609767062	2004.29904744191	1970.13168572995	1937.23835368774
32	1975.31380030188	2106.4211316579	2401.21727667183	2664.96299467584	2892.80570337873	3084.630222132	3241.82912172908	3366.47299038548	3461.58727484178	3531.50746569197	3581.32739898718	3615.90422489045	3639.23151432504	3654.32323572916	3663.36243108341	3667.9085907259	3669.07712279248	3667.67285769517	3664.28381649325	3659.34543999135	3653.18462009541	3611.02577341348	3559.39416004337	3504.0263951711	3447.09069551436	3389.47743316772	3331.55766040253	3273.47760168461	3215.28732363262	3157.00259900809	3098.63721611941	3040.22057405216	2981.80760697567	2923.48300999852	2865.36156033498	2807.5849216624	2750.31524550014	2693.72685464019	2637.99690771229	2583.29560386176	2529.77797233156	2477.57754535652	2426.80243825885	2377.53381591066	2329.8264403552	2283.71057768161	2239.1950156013	2196.27065734648	2154.9137902005	2115.08943144285	2076.75424300783	2039.85902008023	2004.35074570967	1970.17423954247	1937.27344748705
33	1975.66757949354	2106.60091657006	2401.37876687759	2665.40724688809	2893.70113955927	3086.09484957401	3243.91987240325	3369.19180937781	3464.8842029437	3535.29218525748	3585.49395798479	3620.35384211993	3643.88329719529	3659.11522529408	3668.24852194055	3672.85473222517	3674.05807219515	3672.66972402879	3669.28229466329	3664.33456435727	3658.15587008902	3615.83048869526	3563.96905526303	3508.3461251862	3451.14394347212	3393.25906000653	3335.06573337485	3276.71226118193	3218.25042587337	3159.69771654486	3101.06979916965	3042.39815468378	2983.73996655392	2925.18224035837	2866.84197261517	2808.86277797967	2751.40831930246	2694.65386307044	2638.77686252168	2583.94718584002	2530.31897182619	2478.02443066744	2427.17007213281	2377.83531726026	2330.07317025711	2283.91221732035	2239.35970543717	2196.40517054808	2155.02371433102	2115.17934621678	2076.8278841342	2039.91942456637	2004.40037716137	1970.21509401754	1937.30714155947
34	1976.01959969418	2106.78115515475	2401.53342320326	2665.83314997497	2894.56145604388	3087.50506385689	3245.93679358482	3371.81894846345	3468.07442971336	3538.95858267726	3589.5337424097	3624.67075330809	3648.39830579565	3663.76771540696	3672.99335618797	3677.65856481962	3678.89616455804	3677.52360740537	3674.13794491177	3669.18124112672	3662.98523626396	3620.49774111011	3568.41225407101	3512.54047783698	3455.07839363563	3396.92861225806	3338.46854556186	3279.848536667	3221.12206412541	3162.3083125894	3103.4248000639	3044.5050482885	2985.60844658229	2926.82425065247	2868.27160843486	2810.09601354043	2752.46256806258	2695.54741448882	2639.52825704318	2584.57459968805	2530.83968055608	2478.45439737005	2427.523680608	2378.12524594097	2330.31034472965	2284.10605468275	2239.5180078979	2196.53445932109	2155.12936613493	2115.26576601846	2076.89866388537	2039.97748366147	2004.44808336472	1970.25436549341	1937.33953167596
35	1976.36988071237	2106.96195535273	2401.68172885045	2666.24195464755	2895.38896278999	3088.86432563917	3247.88444745125	3374.35993833954	3471.16426837919	3542.51355940854	3593.4540694025	3628.86253829449	3652.78434400599	3668.28864059007	3677.60495117267	3682.32815380354	3683.59951923653	3682.24259788062	3678.85884439375	3673.89352584341	3667.68073803143	3625.03531094511	3572.73123711435	3516.61658780904	3458.90083139876	3400.49251885092	3341.77216458156	3282.89213062449	3223.90757248447	3164.83935015163	3105.70680595775	3046.54547139554	2987.41689139619	2928.41251689112	2869.65358264699	2811.28739198699	2753.48041916129	2696.4096228606	2640.25291237692	2585.17939944501	2531.34141310087	2478.86854879174	2427.86418344105	2378.40436435228	2330.53867420371	2284.29260711476	2239.67034738879	2196.65887129435	2155.23103013988	2115.3489237065	2076.9667729175	2040.03335360594	2004.49399251443	1970.2921593115	1937.3707045459
36	1976.71848600902	2107.14315332384	2401.82412065604	2666.63479440746	2896.18575892124	3090.1757870665	3249.7669971443	3376.81983319862	3474.15949448267	3545.96343061365	3597.2616407343	3632.9362206158	3657.04856420555	3672.68527406388	3682.09065679766	3686.87089355743	3688.17553554678	3686.83411360083	3683.45240007159	3678.47880413586	3672.24973149946	3629.45033002012	3576.93284621317	3520.58099469219	3462.61747501031	3403.95667001554	3344.98214817658	3285.84826479978	3226.6118337317	3167.29537062443	3107.92001664594	3048.52327967576	2989.16881543075	2929.95021613501	2870.99074153834	2812.43943910948	2754.4640874001	2697.24241387506	2640.95248637539	2585.76299899048	2531.82536481473	2479.26788769722	2428.19241619827	2378.67336485644	2330.75868936641	2284.47234418678	2239.81710905103	2196.77872189225	2155.32896448947	2115.42903053315	2077.03238419172	2040.08717613948	2004.53822091037	1970.32857104256	1937.40073884057
37	1977.06545953163	2107.32483720616	2401.96099467263	2667.01269938087	2896.953757099	3091.44232680767	3251.58825146591	3379.20326354167	3477.06540500753	3549.31399395377	3600.96261305932	3636.89817535958	3661.19753798614	3676.96429944594	3686.45722783337	3691.29358019884	3692.63102887541	3691.30497248626	3687.92542027431	3682.94386478371	3676.69897832398	3633.74935975425	3581.0233746152	3524.43970761082	3466.23403719722	3407.32644948317	3348.10359982121	3288.72173274567	3229.23932878882	3169.6805401045	3110.06828188026	3050.44200421311	2990.86743218271	2931.44024759852	2872.28567698766	2813.55445044616	2755.4155992398	2698.04755034921	2641.62849867839	2586.32669832926	2532.29262555163	2479.65332790391	2428.50914000704	2378.93287790873	2330.97091014496	2284.64569325812	2239.95864334269	2196.89429809788	2155.42340403118	2115.50627867699	2077.09565504991	2040.13908020263	2004.5808743528	1970.36368763253	1937.42970704781
38	1977.41084185898	2107.50700736856	2402.09271094808	2667.37660820061	2897.69470451157	3092.66658018125	3253.3517035221	3381.51448189717	3479.88686961262	3552.5705830817	3604.56265038433	3640.75430151414	3665.23731751084	3681.13187297241	3690.71088667561	3695.6024746382	3696.97227827219	3695.66145624976	3692.28417774868	3687.29496257722	3681.03470831545	3637.93843609875	3585.00862061966	3528.19826121933	3469.75577862808	3410.60689044214	3351.14121694388	3291.51694537962	3231.79417957969	3171.99868946662	3112.15514058631	3052.30489342083	2992.51570127418	2932.88528602775	2873.5407841841	2814.63454890013	2756.33680293957	2698.82663194925	2642.28231708679	2586.87164998812	2532.74419670796	2480.02571128502	2428.81505875254	2379.18348953372	2331.17582296409	2284.81304428822	2240.09526999813	2197.00586170372	2155.51456298126	2115.58084362995	2077.15672918542	2040.18918355953	2004.622049473	1970.39758848577	1937.45767178878
39	1977.75470737102	2107.68970137891	2402.21959763607	2667.72737825379	2898.41020102661	3093.85096585797	3255.06056427065	3383.75735222633	3482.62837519977	3555.73811620612	3608.06697906721	3644.51003714622	3669.17348743706	3685.19367770851	3694.85737802774	3699.80335752364	3701.20508127226	3699.90936516698	3696.53446460408	3691.53787309543	3685.26267399675	3642.02313800736	3588.89393775904	3531.86176450463	3473.18755448107	3413.8025631521	3354.09933291233	3294.23797063679	3234.28018629575	3174.2533496277	3114.18385271368	3054.11493760113	2994.11634164424	2934.28778363159	2874.7582549894	2815.68167582209	2757.22940661551	2699.58114522028	2642.91522481983	2587.39895630466	2533.18097705769	2480.3857836366	2429.11078503495	2379.42569810411	2331.37382960045	2284.97475402341	2240.22728147692	2197.1136521454	2155.60263724829	2115.6528850812	2077.21573729028	2040.23759328897	2004.66183413587	1970.43034583539	1937.48469528623
40	1978.09704445943	2107.87283365095	2402.34195454768	2668.06590536846	2899.10171494973	3094.99770787218	3256.71779175419	3385.93558511093	3485.29406483008	3558.82113775212	3611.48043067218	3648.17041336618	3673.01121849102	3689.15496931124	3698.90201672436	3703.90157729533	3705.334802235	3704.05406623249	3700.6816403721	3695.67794062025	3689.38819832495	3646.00862625094	3592.68427874465	3535.43494346102	3476.53385394989	3416.91771640021	3356.98195257085	3296.88856700519	3236.7008601349	3176.44778139899	3116.15742812021	3055.87489247889	2995.6718622203	2935.65000291473	2875.94011097974	2816.6976199227	2758.09497688127	2700.31244841311	2643.52838796981	2587.90960834847	2533.60381610808	2480.73426205982	2429.3969214239	2379.66000925765	2331.56535403928	2285.1311494328	2240.35494576954	2197.21788879114	2155.68780630424	2115.72255048109	2077.27280012112	2040.284408375	2004.7003095729	1970.46202643481	1937.51083159235
41	1978.43787140698	2108.0564326927	2402.46005622904	2668.39268732884	2899.77059675667	3096.10885610595	3258.32611643115	3388.05246854138	3487.88777182587	3561.82385533238	3614.80748076237	3651.7400920261	3676.75529684444	3693.02062505592	3702.84972846081	3707.90209237265	3709.36641454938	3708.10053541986	3704.73067419244	3699.72012019505	3693.41621658089	3649.89968412605	3596.38423484258	3538.92217749021	3479.79884148636	3419.95629038516	3359.79278956438	3299.47221945201	3239.05945155951	3178.58500275927	3118.07865133457	3057.58731065906	2997.18458214905	2936.97403417223	2877.0882188818	2817.68403208485	2758.93495917224	2701.02179432156	2644.12288158671	2588.40451985258	2534.01348368446	2481.07178998439	2429.67400383063	2379.88686568168	2331.75076019574	2285.2825311562	2240.47850927183	2197.31877332476	2155.77023514629	2115.78997463558	2077.32802803165	2040.32971924634	2004.73754998352	1970.49269125957	1937.53613088815
42	1978.77724273186	2108.24048971019	2402.57415464038	2668.70849834155	2900.41809110117	3097.18630357792	3259.88806463698	3390.11109300864	3490.41304975501	3564.7501721695	3618.05228303759	3655.22340102924	3680.41016921036	3696.7951675548	3706.70509208868	3711.80950828671	3713.30453785403	3712.05339490076	3708.68618196715	3703.66901466706	3697.35131326296	3653.70075933709	3599.99806952747	3542.32753725712	3482.98637846228	3422.92193868595	3362.53528593164	3301.99215506433	3241.35897567887	3180.66781215027	3119.9501033676	3059.2545558573	2998.65664923403	2938.26181232493	2878.20430578641	2818.64243893967	2759.75068942874	2701.71034027525	2644.69969844717	2588.88453472967	2534.41069096107	2481.39896218858	2429.94253161799	2380.10668212012	2331.93039154797	2285.42918698376	2240.59819875017	2197.41649133768	2155.85007559588	2115.85528174634	2077.38152269929	2040.37360922952	2004.77362375031	1970.52239652163	1937.56063946825
43	1979.11518695266	2108.42499191637	2402.68448149532	2669.01394878304	2901.04534734963	3098.23180178227	3261.40597664093	3392.1143274995	3492.87319672268	3567.60371570425	3621.21869947644	3658.62436553394	3683.97994489465	3700.48280760301	3710.47236427108	3715.62811050982	3717.15347092662	3715.91692862252	3712.55245918787	3707.52890741571	3701.19775468579	3657.41598537787	3603.52975254159	3545.65480499519	3486.10005917399	3425.81806069387	3365.21264397107	3304.45137770874	3243.6022343149	3182.69880920464	3121.77418100266	3060.87882218862	3000.09005628769	2939.51513180578	2879.28997257634	2819.57425480983	2760.5434046617	2702.37915738826	2645.25975698193	2589.35043305372	2534.796096434	2481.71632988961	2430.20294299736	2380.31981381857	2332.10453326255	2285.57134257074	2240.71422699692	2197.51121766025	2155.92747128224	2115.91858986938	2077.43338124515	2040.4161583179	2004.80859684846	1970.55119670921	1937.5844023901
44	1979.4517308648	2108.609925892	2402.79125030938	2669.30960215527	2901.6534288531	3099.24697421287	3262.88202534884	3394.06483702041	3495.27128733765	3570.3878629285	3624.31032701896	3661.94673559554	3687.46853217936	3704.08746932647	3714.15551197324	3719.3618912652	3720.91722082749	3719.69518026703	3716.33351002764	3711.30379135727	3704.95951786102	3661.0492174178	3606.98298047709	3548.90750779029	3489.14323232862	3428.64782321651	3367.8278456929	3306.8526833959	3245.79183562384	3184.68041309565	3123.55311384984	3062.46214992266	3001.48665558681	2940.7356597179	2880.34670738884	2820.48085859047	2761.31425233462	2703.02923870002	2645.80390845206	2589.80293791172	2535.17030494698	2482.02439682338	2430.45567527202	2380.52662780387	2332.27349336415	2285.70925777522	2240.826777624	2197.60310059252	2156.00254174897	2115.97999524245	2077.4836810913	2040.45742879301	2004.84251941218	1970.57913224039	1937.60745232642
45	1979.78689970596	2108.79527727583	2402.89465820174	2669.5959796293	2902.24332113274	3100.2333283257	3264.31823139648	3395.96510338474	3497.61018073229	3573.10576287359	3627.3305212808	3665.19401066135	3690.87950210089	3707.61281570218	3717.75823955824	3723.01458560283	3724.59952627392	3723.39187653901	3720.03307319699	3714.99739266832	3708.64031618568	3664.60405489763	3610.36120590399	3552.08893786771	3492.11902325313	3431.41418128523	3370.38367368361	3309.19867992108	3247.93021151523	3186.61487881388	3125.28897947359	3064.00643945661	3002.84817317395	2941.92494772969	2881.3758888705	2821.36333594726	2762.06429869202	2703.66150652677	2646.33294235039	2590.2427190583	2535.53388406457	2482.32363881211	2430.70111850289	2380.72744566358	2332.43753574604	2285.84314798281	2240.93603791633	2197.69229506249	2156.07541525941	2116.03960419218	2077.5325105269	2040.49749410491	2004.87545266544	1970.60625424134	1937.62983203635
46	1980.12071730183	2108.9810309954	2402.99488748235	2669.87356411234	2902.81593912553	3101.1922661481	3265.7164768718	3397.81744094546	3499.89254747188	3575.760356632	3630.28241766382	3668.36946146816	3694.21621776964	3711.06227087766	3721.28401446365	3726.58967680883	3728.20389220084	3727.01051622884	3723.65464498715	3718.61320249894	3712.24361990638	3668.08386373867	3613.667637832	3555.20217303002	3495.03035336894	3434.11989648542	3372.88272765191	3311.49180170385	3250.0196318434	3188.5043108649	3126.98371683075	3065.51346516499	3004.17621435819	2943.08444137313	2882.37880825613	2822.22289182913	2762.79453606336	2704.27681874346	2646.84759371885	2590.67040044624	2535.88735781859	2482.6144933882	2430.9396356086	2380.92256688352	2332.59690651412	2285.97321479188	2241.04217263945	2197.77893553386	2156.14620146003	2116.09750610481	2077.5799424336	2040.53641370729	2004.90744514142	1970.63260236225	1937.65157393969
47	1980.45320619471	2109.167171463	2403.09210705503	2670.14280373069	2903.37213361767	3102.12509371516	3267.07851753645	3399.62401119996	3502.12088394971	3578.35439522976	3633.16895020728	3671.47614956851	3697.48182779821	3714.43904293134	3724.73607788534	3730.0904307566	3731.73359024247	3730.55438267894	3727.20149920675	3722.15448349813	3715.77268682304	3671.49179618777	3616.90533731439	3558.25009504322	3497.87995758686	3436.76755265168	3375.32743930056	3313.73433195915	3252.06222407945	3190.35067962182	3128.63913813265	3066.98487935828	3005.47228259462	2944.21549110252	2883.35666721981	2823.06058768062	2763.50588958795	2704.87597483574	2647.3485466219	2591.08656215379	2536.23121403601	2482.89736782766	2431.1715645205	2381.11227044807	2332.75183508644	2286.09964631911	2241.14533574622	2197.86314786207	2156.21500319747	2116.15378504194	2077.62604556698	2040.57424389591	2004.93854300046	1970.65821451989	1937.67270924532
48	1980.78438775769	2109.35368273997	2403.18647366163	2670.40411506203	2903.91269696984	3103.03302948228	3268.40599373745	3401.38683584338	3504.29752640646	3580.89045562061	3635.99286846367	3674.5169448147	3700.67928419734	3717.74613755648	3728.11747195264	3733.519910323	3735.19169371531	3734.02654784016	3730.67670842156	3725.62429823589	3719.23056542621	3674.83080859379	3620.07712033119	3561.23540598193	3500.67039923465	3439.35957539404	3377.72009112335	3315.92840333693	3254.0599758209	3192.15582725703	3130.25694058386	3068.4222364379	3006.73778288559	2945.31935922781	2884.31058938909	2823.87741175184	2764.19918337134	2705.45972076837	2647.83643914471	2591.49174506395	2536.56590745531	2483.17264170485	2431.39722015478	2381.29681634644	2332.90253529075	2286.22261794317	2241.24567081909	2197.94504948201	2156.28191649279	2116.20851954091	2077.67088421621	2040.61103736295	2004.96878949517	1970.68312627955	1937.69326725438
49	1981.1142822958	2109.54054867458	2403.2781329871	2670.65788592648	2904.43836822696	3103.91721184618	3269.70044017398	3403.10780846388	3506.42466729337	3583.37095503385	3638.75675264247	3677.49454105205	3703.8113584411	3720.98637813733	3731.43105335991	3736.88099174429	3738.5810886298	3737.42990035723	3734.08315601142	3729.02552300037	3722.62011764958	3678.10367736897	3623.18564891431	3564.16064290303	3503.40408688784	3441.89823711654	3380.0628208372	3318.07601934646	3256.01475340534	3193.92148219575	3131.83871380601	3069.826987518	3007.97403122306	2946.39722744822	2885.24162576708	2824.67429008801	2764.87530343368	2706.02875367005	2648.31186733812	2591.88645422719	2536.8918625419	2483.44066922344	2431.61689631376	2381.4764470985	2333.04920656794	2286.34229323577	2241.34331177482	2198.02474992847	2156.34703091708	2116.26178287127	2077.71451836371	2040.64684326951	2004.99822497635	1970.70737081643	1937.71327529138
50	1981.44290913606	2109.72778014181	2403.36722064489	2670.90447790784	2904.94983768712	3104.77870588276	3270.96329465934	3404.78873288207	3508.50436200724	3585.79816387497	3641.46302723098	3680.41147023681	3706.88065592182	3724.1624191661	3734.6795079602	3740.17637948118	3741.90448860835	3740.76715463962	3737.42355432849	3732.36086307816	3725.94403938295	3681.31301335528	3626.2334261156	3567.02819104885	3506.08328220166	3444.3856752691	3382.35763891205	3320.17906218248	3257.92830977651	3195.64926741835	3133.38595204105	3071.20049552403	3009.18226192322	2947.45020375813	2886.15076157573	2825.45209011289	2765.53496688116	2706.58372593557	2648.77538876116	2592.27116188738	2537.20947604528	2483.70178135493	2431.83086745656	2381.65138920883	2333.19203515759	2286.45882492324	2241.43838364028	2198.10235145847	2156.41043008447	2116.31364342672	2077.75700399832	2040.68170750332	2005.02688710759	1970.73097909525	1937.73275886032
51	1981.77028670826	2109.91530767782	2403.4538630559	2671.14422860102	2905.44776647193	3105.61850939768	3272.19590599975	3406.43122237159	3510.5385433947	3588.17421735087	3644.11397327264	3683.27011516543	3709.88962898475	3727.27675945299	3737.86536433787	3743.4086197861	3745.16444876956	3744.04086842867	3740.70045725409	3735.63286436066	3729.20486736936	3684.46127477876	3629.22280845825	3569.84029562252	3508.7101148218	3446.82390127209	3384.6064368983	3322.23930230904	3259.80229341303	3197.34070859545	3134.90005473539	3072.54404227573	3010.36363720663	2948.47932967325	2887.03892130653	2826.21162541241	2766.17888250423	2707.12524891209	2649.22752566686	2592.6463102078	2537.51911930863	2483.95628777841	2432.03939031654	2381.82185450605	2333.33119520099	2286.57235579023	2241.53100329128	2198.17794965535	2156.47219214903	2116.36416513334	2077.79839345134	2040.71567295465	2005.05481109293	1970.75398005986	1937.75174180152
52	1982.09643261681	2110.10314120666	2403.53817823538	2671.37745363175	2905.93272893645	3106.43755837202	3273.3995410938	3408.03687188495	3512.52903034607	3590.50112596785	3646.7117394582	3686.07272097552	3712.84058870697	3730.3317272145	3740.99100588952	3746.58011284633	3748.36337728128	3747.25345217032	3743.91627246512	3738.84392838701	3732.40499304214	3687.55077895975	3632.15601719029	3572.59907312601	3511.28659160134	3449.21481024481	3386.81099662647	3324.25840712609	3261.63825633699	3198.99724188448	3136.38234497133	3073.85882866815	3011.51923892435	2949.48558151866	2887.90697542177	2826.95366268496	2766.80772080049	2707.65389621824	2649.66876787106	2593.01231372586	2537.8211403507	2484.20447863139	2432.24270536235	2381.98804135548	2333.46684974268	2286.683019505	2241.62128013067	2198.25163398485	2156.53239025964	2116.41340782193	2077.83873570146	2040.74877976657	2005.08202988239	1970.7764008016	1937.77024643024
53	1982.42136370541	2110.29126469159	2403.62027650413	2671.6044484699	2906.40530697087	3107.23673187322	3274.57539134262	3409.60715770974	3514.47753650066	3592.78078503091	3649.25835216528	3688.82140555859	3715.73571556294	3733.32959806738	3744.05868176431	3749.69312378185	3751.50354738987	3750.4071808053	3747.07326996282	3741.99631892622	3735.54667345589	3690.58371291875	3635.03514847597	3575.30652013548	3513.81460588063	3451.56018981242	3388.97299853502	3326.23794881738	3263.43766156271	3200.62022120712	3137.83406609106	3075.14599217123	3012.6501000712	2950.46987692899	2888.75573595044	2827.67891367057	2767.42209405193	2708.17021089849	2650.09958177208	2593.36957243731	2538.11586574208	2484.44662608757	2432.44103811603	2382.15013575288	2333.59915163422	2286.79094136279	2241.70931669847	2198.32348829509	2156.59109296936	2116.4614275633	2077.87807664931	2040.78106555976	2005.10857435612	1970.79826671077	1937.78829366138
54	1982.74509611528	2110.47963698867	2403.70026111402	2671.82549006318	2906.86597052625	3108.01685649255	3275.72457844997	3411.14347119342	3516.38567818974	3595.0149832567	3651.75572456363	3691.51816900554	3718.57706910091	3736.2724448761	3747.07051679122	3752.74979264249	3754.58710669277	3753.50420377449	3750.17360179544	3745.09218222128	3738.63203890909	3693.56214299975	3637.86218264328	3577.96452287359	3516.2959459058	3453.86172809425	3391.09402922251	3328.17941142904	3265.20189021037	3202.21092330133	3139.25639102546	3076.40660192714	3013.75718682888	2951.43308610737	2889.58597656254	2828.38805940301	2768.02259993139	2708.67468923828	2650.52038424958	2593.7184259584	2538.40361270055	2484.68298578117	2432.63460034145	2382.30831231122	2333.72824434893	2286.89623895643	2241.79520922233	2198.39359126741	2156.64836460453	2116.50827697022	2077.9164593646	2040.81256563509	2005.13447349082	1970.8196016133	1937.80590312166
55	1983.06764533735	2110.66829252448	2403.77822882838	2672.04083831087	2907.31534404304	3108.77866622684	3276.84815967955	3412.64712507474	3518.25498162488	3597.20540967719	3654.2056648884	3694.16490219114	3721.36659673839	3739.16225286164	3750.0285205017	3755.75214340476	3757.61608643612	3756.54655371761	3753.21927635216	3748.13354032176	3741.66311180482	3696.48802361902	3640.63899259078	3580.57486503103	3518.73230248007	3456.12102096298	3393.17558830994	3330.0841973404	3266.93224653001	3203.77055428878	3140.65042739603	3077.64166740085	3014.8414115005	2952.37602589457	2890.39842191721	2829.08173690601	2768.60979212285	2709.16781635992	2650.93159264344	2594.05923526705	2538.68464471632	2484.91380710742	2432.82360358911	2382.46273515159	2333.85426271777	2286.99902278173	2241.87904811396	2198.46201682335	2156.70426559787	2116.55400546998	2077.95392430934	2040.84331315647	2005.15975450961	1970.84042789379	1937.82309325138
56	1983.38902625982	2110.85719122959	2403.8542704352	2672.25073739641	2907.75383678673	3109.52298166716	3277.94709495092	3414.11935923937	3520.08688943636	3599.35366471974	3656.60988397129	3696.76339458974	3724.10614177106	3742.00090131493	3752.93459534687	3758.70209236052	3760.59240979855	3759.53615646405	3756.21225394691	3751.1223108319	3744.64179896005	3699.36320523373	3643.36735143613	3583.13923508431	3521.12527593023	3458.33957865284	3395.21909365795	3331.95363329078	3268.62996425102	3205.30025456979	3142.01722219489	3078.85214256806	3015.9036360695	2953.29946822277	2891.19375668888	2829.76054732675	2769.18419294906	2709.65004105409	2651.33358998259	2594.39232390971	2538.95924993576	2485.13929446862	2433.0082049257	2382.61356799609	2333.97734518158	2287.09939678526	2241.960918419	2198.52883449297	2156.75885278991	2116.59865955117	2077.9905095399	2040.87333931643	2005.18444301791	1970.86076660739	1937.83988139601
57	1983.70925321068	2111.04631807267	2403.92847121444	2672.4554169945	2908.18189235436	3110.25045139139	3279.02240078296	3415.56134596058	3521.88276663068	3601.46126025545	3658.97000210799	3699.31534140383	3726.7974506783	3744.79017101963	3755.79054419529	3761.60145556313	3763.5178993543	3762.47483583671	3759.1543385938	3754.06031115392	3747.56991060861	3702.18944019047	3646.04893953518	3585.65923297098	3523.4763824608	3460.51883178611	3397.22589148874	3333.78897542541	3270.29621134747	3206.80110348745	3143.35776608241	3080.03892982171	3016.94467568566	2954.20414279222	2891.97262781182	2830.42505846112	2769.74629563094	2710.12178777208	2651.72673786357	2594.7179971481	2539.22768392137	2485.35967558475	2433.18860090863	2382.76093358545	2334.09758281638	2287.19746644003	2242.04090901232	2198.59411966141	2156.81217970218	2116.64228298707	2078.02625088988	2040.90267348603	2005.2085631265	1970.8806375806	1937.85628388939
58	1984.02833999674	2111.23565834459	2404.00091136069	2672.65509336621	2908.59992907071	3110.96172896004	3280.0749318297	3416.97419467932	3523.64390602811	3603.52963022145	3661.28755533068	3701.82235007621	3729.44217979846	3747.53175103492	3758.59807717871	3764.45195574347	3766.39428439028	3765.36432255422	3762.04725909689	3756.94926543356	3750.44916409879	3704.96839562797	3648.6853508069	3588.13637618911	3525.78705995909	3462.66013687776	3399.19725485072	3335.59141444356	3271.93209461779	3208.2741235902	3144.67299733095	3081.20288356228	3017.96530188377	2955.09074000849	2892.73564830643	2831.07580714939	2770.29656648623	2710.58345750529	2652.11137780592	2595.03654325241	2539.49018801869	2485.57515105401	2433.36495721589	2382.90498434683	2334.21510734006	2287.29330527954	2242.11907360584	2198.65790942317	2156.86430237522	2116.68492303237	2078.06118845959	2040.93134992988	2005.23214432465	1970.90006637746	1937.8723230501
59	1984.34626047085	2111.42519767489	2404.07166636806	2672.84997035444	2909.00823743852	3111.65743183245	3281.10553096365	3418.35895637127	3525.37153323372	3605.56013474214	3663.56400008352	3704.28594624931	3732.04190143742	3750.22724490337	3761.35881797072	3767.25522861639	3769.22320656106	3768.20626000912	3764.89265705327	3759.79081085602	3753.28119016392	3707.70164910808	3651.27809862033	3590.57210537928	3528.05867330728	3464.76478111958	3401.13439158822	3337.36207999284	3273.53866387398	3209.72028453458	3145.963805425	3082.34481351676	3018.96624561162	2955.95991372311	2893.48339514233	2831.71330145778	2770.83544663586	2711.03542944637	2652.4878326704	2595.34823469115	2539.74699033218	2485.78591049739	2433.53743052524	2383.04584907944	2334.33002418532	2287.3870132091	2242.19549835627	2198.72027892447	2156.91525435466	2116.72660349762	2078.0953381057	2040.95937803569	2005.2551907667	1970.91905294471	1937.88799546733
60	1984.66310542276	2111.61492204395	2404.14080737803	2673.04024029018	2909.4073977654	3112.3381443743	3282.11499680105	3419.71662754294	3527.06681118891	3607.55406509416	3665.80072311281	3706.70757922645	3734.59810946813	3752.87817634147	3764.07430952886	3770.01282865163	3772.00622617344	3771.00221006588	3767.69209264228	3762.58650341845	3756.06753867214	3710.39068127723	3653.82862113697	3592.96777711099	3530.29251925127	3466.83398809135	3403.03845060609	3339.1020447682	3275.1169157792	3211.14050665554	3147.23103437286	3083.46548777926	3019.94820000359	2956.81228374211	2894.21641835049	2832.33802263238	2771.36335375736	2711.47806250973	2652.8564079594	2595.65332922525	2539.9983066289	2485.99213328736	2433.70616908333	2383.18364971496	2334.44243325082	2287.47867182541	2242.27024974811	2198.78128223085	2156.96509047882	2116.76737183483	2078.12874131121	2040.98679445772	2005.2777351916	1970.93762683661	1937.90332809567
61	1984.97884883115	2111.80481779145	2404.2084014983	2673.22608481931	2909.79766018042	3113.00442001832	3283.10408671328	3421.0481538937	3528.730844345	3609.51264326134	3667.99903865556	3709.08862589098	3737.11222291768	3755.48599381349	3766.746019374	3772.72623442792	3774.74482737311	3773.75365838462	3770.44704994117	3765.33782323016	3758.80968390519	3713.03696158083	3656.33828622806	3595.32471770585	3532.4898308694	3468.86892030511	3404.91052338753	3340.81232827306	3276.66779736788	3212.53566424485	3148.4754857396	3084.56563559766	3020.91182292284	2957.64843812537	2894.93523852028	2832.95042692805	2771.88068369052	2711.91169672423	2653.21739300945	2595.95207091491	2540.24434117407	2486.19398922765	2433.87131324484	2383.31850173083	2334.55242920189	2287.56835851795	2242.34339092349	2198.84097078552	2157.01385261726	2116.80726209474	2078.16142574788	2041.01362166352	2005.29979581705	1970.9558027949	1937.91833282709
62	1985.29350274042	2111.99487162151	2404.27451209226	2673.4076756572	2910.17936893433	3113.65678336772	3284.07351934781	3422.354433677	3530.36468249649	3611.43704600624	3670.16019853809	3711.43040013416	3739.58559758518	3758.0520781118	3769.37534266415	3775.39685343807	3777.44042303847	3776.46201931641	3773.15894181296	3768.04617938638	3761.50902941299	3715.6418291036	3658.80839599551	3597.64415416176	3534.6517816275	3470.87068395712	3406.75164836711	3342.49390027496	3278.19220927867	3213.90658856144	3149.69792143098	3085.64594993225	3021.85773929425	2958.46893529524	2895.640349824	2833.55094728591	2772.3878119097	2712.33665451098	2653.57106208673	2596.244691046	2540.48528750363	2486.39163918627	2434.03299598064	2383.45051454776	2334.66010177021	2287.65614668892	2242.4149818211	2198.8993934823	2157.06158063203	2116.84630677006	2078.19341790206	2041.03988124493	2005.32139017714	1970.97359516456	1937.93302142697
63	1985.60707882153	2112.18507060545	2404.33919904389	2673.58517527936	2910.55282055401	3114.29573212574	3285.02397724854	3423.63628689952	3531.96932430602	3613.32837906156	3672.28539465446	3713.73414903392	3742.01951875949	3760.57774225064	3771.96361421456	3778.02602663927	3780.09435928679	3779.12864041076	3775.82911440731	3770.71291445613	3764.16691248351	3718.2065792178	3661.24019093457	3599.92726686123	3536.779489391	3472.84033291332	3408.56281431355	3344.14768398496	3279.69100872978	3215.25407059903	3150.89906625365	3086.70708980746	3022.78654324835	2959.2743059752	2896.33222175322	2834.13999487341	2772.88509487527	2712.75324185656	2653.91767539356	2596.5314089834	2540.72132913764	2486.58523568384	2434.19134335506	2383.5797919089	2334.76553604775	2287.74210596797	2242.48507933105	2198.95659676427	2157.10831242803	2116.88453674993	2078.22474301072	2041.06559384791	2005.34253539536	1970.99101784464	1937.94740509534
64	1985.91958839436	2112.37540218235	2404.4025189996	2673.75873755388	2910.91832505986	3114.9217388679	3285.956109205	3424.89459299879	3533.54572055093	3615.18770033672	3674.3757627285	3716.00106285596	3744.41521408045	3763.06423895922	3774.51210153242	3780.6150325806	3782.70791962896	3781.75480657177	3778.4588513105	3773.33930862026	3766.78460826453	3720.7324469648	3663.63485377161	3602.17518038696	3538.87401955191	3474.7788714334	3410.34496344656	3345.77455898723	3281.16501225906	3216.57886363566	3152.07961027271	3087.74968247698	3023.69880009498	2960.06505497307	2897.01130071586	2834.7179604999	2773.3728712766	2713.1617493917	2654.25747999449	2596.81243295677	2540.95264023939	2486.77492343924	2434.34647497148	2383.7064322384	2334.86881276964	2287.82630243192	2242.5537374327	2199.01262471714	2157.15408401094	2116.92198161579	2078.25542524346	2041.09077921186	2005.36324736991	1971.00808393615	1937.9614946943
65	1986.23104244837	2112.56585415769	2404.4645255909	2673.92850832175	2911.27616734382	3115.53525267233	3286.8705324025	3426.13009229443	3535.09477711579	3617.01601830292	3676.43238578541	3718.23227688992	3746.77385486838	3765.51276334196	3777.02201300367	3783.16509122839	3785.28232880543	3784.34174389544	3781.04937737695	3775.92658349204	3769.36333356895	3723.22061096096	3665.9935130071	3604.38897016886	3540.93638843389	3476.68725738433	3412.09899431324	3347.37536394177	3282.6149982514	3217.8816851564	3153.24021098501	3088.77432541955	3024.59504814162	2960.84166282426	2897.67801150702	2835.28521674282	2773.85146317567	2713.56245338423	2654.59071066885	2597.08796078468	2541.179386224	2486.96083987546	2434.49850438811	2383.83052897885	2334.97000857647	2287.90879880999	2242.62100747586	2199.06751929703	2157.1989296565	2116.95866921528	2078.28548738973	2041.11545602802	2005.38354154587	1971.02480614215	1937.97530069158
66	1986.54145166145	2112.75641470032	2404.52526963732	2674.09462592971	2911.62661800911	3116.13670062157	3287.76783441385	3427.34352179847	3536.61735775697	3618.8142950183	3678.4562973537	3720.42887476828	3749.09655889822	3767.92445644533	3779.49447804121	3785.67736750233	3787.81875633207	3786.89062321674	3783.60186227136	3778.47590564902	3771.90425039269	3725.67219663329	3668.31724527439	3606.56965981676	3542.9675663423	3478.56640384882	3413.82576310318	3348.95089779534	3284.04170826065	3219.16322060274	3154.38149532601	3089.78158818099	3025.47580037127	2961.60458730695	2898.33275866518	2835.84211587741	2774.32117706137	2713.95561665402	2654.91759069665	2597.35818054283	2541.40172432014	2487.14311558773	2434.64753950207	2383.9521709046	2335.06919630742	2287.98958969801	2242.6869381276	2199.12132026104	2157.24288185029	2116.99462616814	2078.31495124122	2041.13964215998	2005.40343259019	1971.0411965264	1937.98883302862
67	1986.85082641733	2112.94711306209	2404.58479933372	2674.2572217202	2911.96993428699	3116.72648918737	3288.64857503534	3428.53558428035	3538.11428665718	3620.58344892346	3680.44848445002	3722.59189164141	3751.38439443797	3770.30040847697	3781.93065653064	3788.15297454819	3790.31831978208	3789.40256339283	3786.11742374696	3780.98838990204	3774.40846917068	3728.08827801991	3670.60708250038	3608.71822893611	3544.96847929756	3480.41718690568	3415.52609189155	3350.5019276579	3285.44585353558	3220.42412334127	3155.50406216894	3090.77201407648	3026.34154599289	2962.3542648422	2898.9759277245	2836.38899587204	2774.78230482215	2714.34148941727	2655.23833258364	2597.62327118009	2541.61980408956	2487.32187477631	2434.79368291773	2384.07144242697	2335.16644517085	2288.06886148203	2242.75157571335	2199.17406546259	2157.2859715278	2117.02987777264	2078.34383750809	2041.16335458496	2005.42293444236	1971.05726655456	1938.00210115416
68	1987.15917682177	2113.13785798046	2404.6431604223	2674.4164204835	2912.30636088165	3117.30500550958	3289.51328798378	3429.70695033313	3539.58635079065	3622.32435742615	3682.4098903128	3724.72231691382	3753.63838258095	3772.64166046029	3784.33157708987	3790.59297677055	3792.7820878272	3791.8786343454	3788.59713068361	3783.4651023245	3776.87705179416	3730.46988691371	3672.86400760545	3610.83560322481	3546.94001562166	3482.24043968256	3417.20076150286	3352.0291818363	3286.82810983542	3221.66501751408	3156.60848097221	3091.74612176553	3027.19275187501	2963.09111178796	2899.60788637241	2836.92617817052	2775.23512464493	2714.72031006604	2655.55313873075	2597.88340820314	2541.83377573444	2487.49724722589	2434.9370322612	2384.18842384779	2335.26182102779	2288.14660334963	2242.81496429588	2199.22579090507	2157.32822811193	2117.06444808991	2078.37216588765	2041.18660945016	2005.44206036062	1971.0730271322	1938.01511405556
69	1987.46651271724	2113.32867812578	2404.70039635067	2674.57234087332	2912.63613075058	3117.87261857847	3290.36248246712	3430.85826028694	3541.03430211439	3624.03785930369	3684.34141694726	3726.82109695737	3755.85950014957	3774.94921280514	3786.6982502104	3792.99839264605	3795.21108305905	3794.31985988324	3791.04200590617	3785.90706306285	3779.31101440986	3732.81800524117	3675.08896268838	3612.92269911773	3548.88302142783	3484.03696064248	3418.85052048747	3353.5333584911	3288.18912472783	3222.88649967998	3157.69529897085	3092.70440791969	3028.02986387385	2963.81552563767	2900.22898552106	2837.45396944767	2775.67990184601	2715.09230588928	2655.86220397668	2598.13874197344	2542.04375652284	2487.66931807011	2435.07769022928	2384.30320397648	2335.35538657893	2288.22286661213	2242.87714581755	2199.27653085773	2157.36967960776	2117.09836002145	2078.39995512811	2041.20942212489	2005.46082296466	1971.08848863978	1938.02788028783
70	1987.77284369676	2113.51956307072	2404.75654841834	2674.72509579143	2912.95946582613	3118.42968032878	3291.19664463932	3431.99012598311	3542.45885960089	3625.72475692974	3686.24392749828	3728.88913757205	3758.04868222589	3777.22401827678	3789.03164123832	3795.37019733633	3797.6062846095	3796.72722032362	3793.45302880228	3788.31522900252	3781.71133001987	3735.13357532622	3677.28284971641	3614.98036513004	3550.79830838395	3485.80751400569	3420.47608518307	3355.01512561521	3289.52951756286	3224.08914040494	3158.76499354896	3093.64734304837	3028.85331036604	2964.52788613074	2900.83956029993	2837.97266248802	2776.11688964104	2715.45769437483	2656.16570778765	2598.38943468566	2542.249887035	2487.83821199024	2435.21572221256	2384.41582618064	2335.44721069829	2288.29771082645	2242.93816023091	2199.326317963	2157.41035269029	2117.1316353809	2078.42722308707	2041.23180724858	2005.47923427521	1971.10366096553	1938.04040800027
71	1988.07817911655	2113.71050272251	2404.81165591135	2674.87479274283	2913.27657768289	3118.97652665388	3292.01623894982	3433.10313242116	3543.86071112622	3627.38581834304	3688.11824844822	3730.92730627333	3760.20682449973	3779.46699152712	3791.33268207561	3797.70932511731	3799.96863058693	3799.10165492977	3795.83113775626	3790.69057569185	3784.07893089898	3737.41750001228	3679.44653283898	3617.00942190305	3552.68665373251	3487.55283168117	3422.07814153577	3356.47512275109	3290.84988120047	3225.27348574065	3159.81815267189	3094.57538243089	3029.6634929678	2965.22855926895	2901.43993097677	2838.48253700049	2776.54633003663	2715.816681053	2656.46382859973	2598.63563403508	2542.45229057685	2488.00403084054	2435.35122754101	2384.52637882121	2335.53732833791	2288.37115684733	2242.99805270252	2199.37519111139	2157.45028114527	2117.16430378864	2078.45398678604	2041.25377877548	2005.49730575051	1971.11855353494	1938.05270496129
72	1988.38252810785	2113.90148731532	2404.86581838005	2675.02153416423	2913.5876681564	3119.51347834646	3292.8217093967	3434.19783878466	3545.24051522529	3629.0217791718	3689.96517166158	3732.93643442045	3762.33478545389	3781.67900929161	3793.60225806673	3800.01666974164	3802.29902034391	3801.44406417942	3798.17723241456	3793.03398077562	3786.41471084461	3739.67064484569	3681.58084041611	3619.01065695534	3554.54880241059	3489.27361506423	3423.65732054709	3357.91396263023	3292.1507834951	3226.44005860052	3160.85521012668	3095.4889595257	3030.46080565271	2965.91788472399	2902.03040676135	2838.98386041324	2776.96845371001	2716.16946466153	2656.75673412485	2598.87748091698	2542.65108465419	2488.16687195651	2435.48428637109	2384.63492757864	2335.62580810867	2288.44326588519	2243.05684232163	2199.42316100319	2157.4894687576	2117.19636338344	2078.48026734616	2041.27535491056	2005.51505314096	1971.13318000465	1938.06478301394
73	1988.68587394006	2114.09250740277	2404.91894975825	2675.16541772874	2913.89292991719	3120.04084197148	3293.61348069115	3435.27478197613	3546.59890272526	3630.63334442497	3691.78545628911	3734.91731920403	3764.43338839734	3783.86091246061	3795.84122152514	3802.29309492098	3804.59831475282	3803.75530957894	3800.49217579645	3795.34630503674	3788.71952727306	3741.89384011	3683.68656699837	3620.98482569848	3556.38546881864	3490.97053671039	3425.21430462301	3359.33223255465	3293.43276867808	3227.58936004133	3161.87662387659	3096.38848951787	3031.245621425	2966.59620027643	2902.61127186184	2839.476888406	2777.38348192544	2716.51623427301	2657.04458459729	2599.11510999034	2542.846381575	2488.32682838792	2435.61497536594	2384.74153532122	2335.71270136862	2288.51407976185	2243.11457517322	2199.47026858335	2157.52795235168	2117.22784767558	2078.50606805446	2041.29653603539	2005.53247463147	1971.14753696601	1938.07663766931
74	1988.98827609322	2114.28355384945	2404.97114361165	2675.30653662801	2914.19254700301	3120.55891067848	3294.39195934107	3436.33447461678	3547.93644698057	3632.22119016186	3693.57983054296	3736.87072547153	3766.50342337525	3786.01350801171	3798.05039043757	3804.53942226811	3806.86734635503	3806.03622544263	3802.77679358105	3797.62837469494	3790.99420311644	3744.08788272342	3685.76447516145	3622.93265299324	3558.19733846963	3492.64424189638	3426.74967221348	3360.73049582972	3294.69635864612	3228.72187045807	3162.88283290599	3097.27437030987	3032.01829772688	2967.26382364631	2903.18281568944	2839.96186585019	2777.79162652304	2716.85717073138	2657.32753326503	2599.34865002483	2543.03828873221	2488.48398912292	2435.74336786534	2384.84626222645	2335.79805732201	2288.58363859885	2243.17128390176	2199.51654036539	2157.56575342746	2117.25877407045	2078.53141215413	2041.31734290157	2005.54958886997	1971.16164126323	1938.08828419917
75	1989.28971796378	2114.47461782299	2405.02243233077	2675.44492179546	2914.48669531424	3121.06797868536	3295.15753466047	3437.37740861551	3549.25378986623	3633.78596504972	3695.3489933528	3738.79738748947	3768.54564891661	3788.13757081009	3800.2305502879	3806.75644371156	3809.10690711406	3808.28760482983	3805.03188720086	3799.88098323942	3793.23952890569	3746.25353800994	3687.81529720784	3624.8548348538	3559.98506952815	3494.29535007662	3428.26397006406	3362.10929305193	3295.94205416317	3229.83805069879	3163.87425824529	3098.14698345014	3032.77917725503	2967.92106026493	2903.74530409829	2840.43902720122	2778.193089177	2717.19244713468	2657.60572677829	2599.57822422566	2543.22690886993	2488.63843930111	2435.86953405116	2384.94916590314	2335.88192310341	2288.65198086691	2243.22699985155	2199.56200185547	2157.60289272104	2117.28915941349	2078.55631331874	2041.33778659616	2005.56640483178	1971.17550014443	1938.0997284351
76	1989.59020788519	2114.66569064534	2405.0728468301	2675.58077346466	2914.77554307467	3121.56828744369	3295.91057970993	3438.40405570517	3550.55145709823	3635.32829181795	3697.09361591297	3740.6980105272	3770.56079371334	3790.23384529849	3802.38245572723	3808.94492011735	3811.31776158567	3810.51021306562	3807.25821778972	3802.1048906977	3795.45626404274	3748.39154135312	3689.83973672355	3626.75203996618	3561.74929424839	3495.92445624396	3429.7578219581	3363.46914331134	3297.17033598297	3230.93834310563	3164.85130392863	3099.00669500287	3033.52858875322	2968.56820204233	2904.29899474161	2840.90859712768	2778.58806420357	2717.52222926194	2657.87930555301	2599.80395053865	2543.41234033527	2488.79026041683	2435.99354110718	2385.05030151308	2335.964343865	2288.71914344381	2243.28175309794	2199.60667755961	2157.63939019172	2117.31901995817	2078.58078478381	2041.3578778965	2005.58293129062	1971.18912074784	1938.11097617761
77	1989.8897540136	2114.85676437006	2405.12241663402	2675.71411568434	2915.05925126037	3122.06010754412	3296.65145217482	3439.41486851817	3551.82994713254	3636.8487686173	3698.81434312847	3742.57327237126	3772.54955815603	3792.30304708612	3804.50683229185	3811.10558312901	3813.50064443067	3812.70478573191	3809.45652030058	3804.3008374448	3797.64513872569	3750.50259974862	3691.83847014752	3628.6249111037	3563.49062031858	3497.53213220166	3431.2317302182	3364.81054531567	3298.38166589788	3232.02317248797	3165.81435788961	3099.85385637774	3034.2668476838	2969.2055295919	2904.84413473159	2841.37079104202	2778.9767374944	2717.84667597184	2658.14840411065	2600.02594193574	2543.59467731474	2488.93953051185	2436.11545337272	2385.14972189021	2336.04536286549	2288.78516167665	2243.33557248699	2199.65059100371	2157.67526502411	2117.34837135273	2078.60483931941	2041.37762723044	2005.59917676714	1971.20251003932	1938.12203312314
78	1990.18836433554	2115.04783085607	2405.17119587158	2675.84502616337	2915.33797399959	3122.54368553085	3297.38049518502	3440.41028159221	3553.08984442832	3638.34797029146	3700.51179496826	3744.42382473522	3774.51261578483	3794.34586439365	3806.60437774648	3813.23913629645	3815.65626223359	3814.87203038333	3811.62750169116	3806.46952131262	3799.8068553451	3752.58739324639	3693.81214804562	3630.47406645182	3565.20963211942	3499.11892775379	3432.68620959244	3366.13397844187	3299.57648772021	3233.09294703275	3166.76379279683	3100.68880502992	3034.99425698669	2969.83331227196	2905.38096119945	2841.82581559463	2779.35928732806	2718.16593957499	2658.41315139578	2600.24430668262	2543.7740100568	2489.08632435762	2436.23533248947	2385.24747765632	2336.1250215594	2288.85006944788	2243.38848568121	2199.69376476196	2157.71053564157	2117.3772286408	2078.62848921957	2041.39704465536	2005.61514949865	1971.2156747737	1938.13290481729
79	1990.48604667518	2115.23888240418	2405.2191603573	2675.97357926877	2915.61185894582	3123.0192578316	3298.09803808145	3441.3907123109	3554.33162907726	3639.82644956748	3702.18656773242	3746.25029458031	3776.45061464651	3796.36295945292	3808.67576353973	3815.34625667198	3817.78529498637	3817.01262795821	3813.77184233314	3808.61162335273	3801.94208988343	3754.64657631063	3695.76139648623	3632.3001008493	3566.90689190266	3500.68537182014	3434.1217552077	3367.43990372085	3300.755228201	3234.1480591561	3167.69996685711	3101.51186528606	3035.71110768549	2970.45180877325	2905.9097018189	2842.27386913587	2779.73588477311	2718.48016618228	2658.67367107346	2600.45914858988	2543.95042508118	2489.23071362753	2436.35323754144	2385.34361733288	2336.20335968429	2288.91389924197	2243.44051920869	2199.73622049088	2157.74521972761	2117.40560627149	2078.65174630259	2041.41613985044	2005.63085742409	1971.22862147314	1938.14359662042
80	1990.78280870107	2115.42992862632	2405.26636115476	2676.0998462091	2915.88104762642	3123.48705119904	3298.8043971332	3442.35656178426	3555.55573115056	3641.28473817118	3703.83923523999	3748.05328535347	3778.36417856657	3798.35496980172	3810.72163612212	3817.42759612911	3819.88839741056	3819.12723410134	3815.89019733304	3810.72779699604	3804.05149322727	3756.68077909254	3697.68681824152	3634.10358695194	3568.58294089627	3502.23197348285	3435.53884355386	3368.72876476033	3301.91829789074	3235.18888630202	3168.62322450238	3102.32334893165	3036.41767949864	2971.06126766853	2906.43057529612	2842.71514214812	2780.10669406548	2718.78949603077	2658.93008180756	2600.67056724791	2544.12400537529	2489.37276705919	2436.46922518732	2385.43818744792	2336.28041534583	2288.97668221179	2243.49169851376	2199.77797896685	2157.77933425228	2117.43351811641	2078.67462192054	2041.43492211864	2005.64630817606	1971.24135640666	1938.15411370598
81	1991.07865793248	2115.62092847695	2405.3128229687	2676.22389520539	2916.14567573467	3123.94728360064	3299.49987620893	3443.30821567396	3556.76262873431	3642.72334787357	3705.47034994316	3749.83337814874	3780.25390834303	3800.32250949921	3812.74261817502	3819.48378259652	3821.96620019812	3821.21648040563	3817.98319826128	3812.81867171456	3806.13569239904	3758.69060862387	3699.58899393255	3635.88507632444	3570.2383003412	3503.7592229643	3436.93793340715	3370.00098861028	3303.06609194643	3236.21579169743	3169.53389714393	3103.12355586652	3037.11424141196	2971.66192792769	2906.94379182846	2843.14981765053	2780.47187296162	2719.09401961566	2659.18249752121	2600.87865824731	2544.29483057873	2489.51255060753	2436.58334978612	2385.53123263807	2336.35622509985	2289.03844824378	2243.54204800819	2199.81906012527	2157.81289550134	2117.46097749068	2078.69712697138	2041.4534003921	2005.66150909653	1971.25388562997	1938.16446107205
82	1991.37360174525	2115.81189181377	2405.35856946044	2676.34579165112	2916.40587358404	3124.40016407148	3300.18476740628	3444.2460449675	3557.95276033472	3644.14277147265	3707.08044397341	3751.59113279792	3782.1203828674	3802.266170267	3814.73930976477	3821.51542122447	3824.01931117688	3823.28097557829	3820.05145224276	3814.8848541827	3808.19529171369	3760.67664993804	3701.46848310462	3637.64510046592	3571.87347246503	3505.26759254925	3438.31946669687	3371.25698657553	3304.19899089048	3237.22912503486	3170.43230377619	3103.91277469675	3037.80105221573	2972.25401940049	2907.44955353461	2843.57807157811	2780.83157306928	2719.39395427906	2659.4310276412	2601.08351338568	2544.46297715641	2489.65012758827	2436.69566351568	2385.62279574512	2336.43082403057	2289.09918289919	2243.59159112081	2199.85948309998	2157.8459191065	2117.48799717561	2078.71927192143	2041.47158325717	2005.67646723662	1971.26621493976	1938.174643493
83	1991.66764737752	2116.00281193344	2405.40362330361	2676.46559826197	2916.66176613299	3124.84589361366	3300.85935164202	3445.17040670392	3559.12655031703	3645.54348371597	3708.67002871725	3753.32708889561	3783.96416017834	3804.18652256189	3816.71228942758	3823.5230668788	3826.04831640602	3825.32130653697	3822.09554636585	3816.92692936893	3810.23087386603	3762.63946712402	3703.32582523806	3639.38417177381	3573.48894139694	3506.75753744991	3439.68386931995	3372.49715497891	3305.31735981393	3238.2292231585	3171.31875159667	3104.69128329027	3038.47836100849	2972.83776326961	2907.94805485792	2844.00007313739	2781.18594015799	2719.68938043995	2659.67577732695	2601.28522086131	2544.62851856118	2489.78555881366	2436.80621648405	2385.7129179077	2336.50424582526	2289.15899980784	2243.64035034669	2199.89926626182	2157.87842007737	2117.51458944619	2078.74106682042	2041.4894789536	2005.69118936556	1971.27834990956	1938.18466556989
84	1991.96080193489	2116.19368236351	2405.44800623642	2676.58337521528	2916.91347346682	3125.28466537766	3301.52389920623	3446.08164465662	3560.28440523662	3646.92594216766	3710.23960179462	3755.04176676282	3785.78577845241	3806.08411658481	3818.66211518997	3825.50733924182	3828.05378120665	3827.338039441	3824.11604634534	3818.94546156279	3812.24300095364	3764.57960431761	3705.16154069902	3641.1027844503	3575.08517402823	3508.22949661938	3441.03155190661	3373.72187587924	3306.42155535288	3239.21640953551	3172.19353668722	3105.45934929905	3039.14640767051	2973.41337247618	2908.43948294519	2844.41598514029	2781.53511445004	2719.98041804125	2659.91684768512	2601.48386545503	2544.79152538635	2489.918902719	2436.9150568348	2385.80163864751	2336.5765228448	2289.21788245675	2243.68834729331	2199.93842725772	2157.91041283218	2117.54076609281	2078.7625213221	2041.50709539755	2005.70568198586	1971.29029589038	1938.19453171427
85	1992.25307239538	2116.3844968545	2405.4917391111	2676.69918028157	2917.16111096954	3125.71666523176	3302.17867028266	3446.98008997409	3561.42671777054	3648.29058802419	3711.78962994681	3756.73566835433	3787.58575693692	3807.95948323045	3820.58932552933	3827.46875313031	3830.03625113188	3829.33172076029	3826.11349813061	3820.9409953416	3814.23221543981	3766.49758652726	3706.97613163446	3642.80141535572	3576.66262082232	3509.68389351719	3442.36291054111	3374.93151774624	3307.5119163974	3240.19099952312	3173.05694375741	3106.21723064977	3039.80542330874	2973.98105211964	2908.92401800241	2844.8259643175	2781.87923089396	2720.26718198981	2660.15433597153	2601.67952870101	2544.95206550924	2490.05021548238	2437.02223084565	2385.88899595075	2336.6476861902	2289.27585626901	2243.73560272549	2199.97698304526	2157.9419112252	2117.56653844412	2078.78364470132	2041.52444019395	2005.71995134392	1971.30205802217	1938.20424616403
86	1992.54446561412	2116.57524937303	2405.53484193964	2676.81306894738	2917.40478956625	3126.14207199512	3302.82391543798	3447.86606178359	3562.55386655158	3649.63784604796	3713.32058947021	3758.40927811282	3789.36459682833	3809.81313498191	3822.4944402789	3829.40783286537	3831.99625288083	3831.30287536237	3828.08842677421	3822.91405386983	3816.19904106064	3768.39392105038	3708.77008281539	3644.48052481231	3578.22171657757	3511.12113683044	3443.67832744028	3376.12643549123	3308.58877164903	3241.15329368246	3173.90924856838	3106.96517706103	3040.45563067539	2974.54099983352	2909.40183362946	2845.23016161322	2782.21841942136	2720.54978305652	2660.38833578058	2601.87228904715	2545.11020422569	2490.17955113687	2437.12778302157	2385.97502634461	2336.71776576585	2289.3329456878	2243.78213660669	2200.01494992715	2157.97292857548	2117.59191739125	2078.80444587493	2041.54152065421	2005.73400344495	1971.3136412467	1938.21381299374
87	1992.83498832772	2116.76593409451	2405.57733393661	2676.92509453023	2917.64461594461	3126.56105781283	3303.45987608193	3448.73986775868	3563.66621682494	3650.96812888113	3714.83291652988	3760.06306214778	3791.12278210029	3811.64556675406	3824.3779614808	3831.32508484342	3833.93429516027	3833.25201876115	3830.04134591604	3824.86515079437	3818.14398135984	3770.26909722829	3710.54386243161	3646.14053421665	3579.76288114628	3512.54162115318	3444.97817159302	3377.30697361736	3309.6524383124	3242.10358324003	3174.75071643228	3107.70342562083	3041.09724696653	2975.09340613959	2909.87309713478	2845.62872246239	2782.55280518865	2720.82832791466	2660.61893722312	2602.06222200591	2545.26600437647	2490.30696167599	2437.23175618215	2386.05976496957	2336.78679033829	2289.38917422488	2243.82796813897	2200.05234358402	2158.00347769367	2117.61691340959	2078.82493341938	2041.55834381076	2005.74784406529	1971.32505031729	1938.22323612253
88	1993.12464715846	2116.95654539859	2405.61923356009	2677.03530828719	2917.88069276242	3126.97378847953	3304.086784901	3449.60180465427	3564.76412106682	3652.28183189715	3716.32704007467	3761.69747586915	3792.8607802849	3813.457256689	3826.24037419076	3833.2209983464	3835.85086949747	3835.17963912855	3831.97274491108	3826.79477349756	3820.06750932079	3772.12358830179	3712.29792284167	3647.78191911728	3581.28652011293	3513.94572762745	3446.26279936332	3378.47346273807	3310.70322265367	3243.04214932577	3175.58160342837	3108.43220973567	3041.73047338379	2975.6384580755	2910.33796983175	2846.02178705162	2782.88250880437	2721.10291933555	2660.84622709424	2602.24940029584	2545.41952646665	2490.43249715287	2437.33419154367	2386.14324564676	2336.85478759203	2289.44456450648	2243.87311580036	2200.08917910477	2158.03357090697	2117.64153657909	2078.84511558737	2041.57491643068	2005.76147876336	1971.33628980812	1938.23251932198
89	1993.41344861815	2117.1471402876	2405.66055854907	2677.14375951639	2918.1131188429	3127.38042373845	3304.70486626631	3450.45215881082	3565.847919568	3653.57933808817	3717.80337451105	3763.31295376701	3794.57904320983	3815.24866690704	3828.08214723788	3835.09604630664	3837.7464505957	3837.08621271008	3833.88309928843	3828.70339633106	3821.970136252	3773.95785161275	3714.03270128054	3649.4050716729	3582.79302543437	3515.33382454799	3447.53255505941	3379.62622297046	3311.74142048773	3243.9692634307	3176.40215681897	3109.15175267007	3042.35551401355	2976.17632470939	2910.79661068053	2846.40949610024	2783.20764654323	2721.37365637361	2661.07028903075	2602.43389397536	2545.57082877729	2490.5562057735	2437.43512879655	2386.22550094201	2336.92178418203	2289.49913831602	2243.91759738005	2200.12547101558	2158.06322008255	2117.66579660362	2078.86500032394	2041.59124502873	2005.77491289036	1971.34736412286	1938.24166622322
90	1993.70139911192	2117.33759049592	2405.70132595919	2677.25049565274	2918.34198935804	3127.78111756662	3305.31433661862	3451.29120663016	3566.91794098454	3654.86098734394	3719.26232035206	3764.90991785806	3796.27800769472	3817.0202442159	3829.90373394214	3836.95068602935	3839.62149879922	3838.97219986957	3835.7728688885	3830.59147799897	3823.8522982883	3775.77232940879	3715.74862052844	3651.01039191936	3584.28277484457	3516.70626793353	3448.78777132427	3380.7655636808	3312.7673176466	3244.88518783933	3177.21261544309	3109.86227006107	3042.9725616996	2976.70718280476	2911.24916137071	2846.79196608029	2783.52833625288	2721.64063454013	2661.29120365984	2602.61577056811	2545.71996747103	2490.67813398483	2437.53460617814	2386.30656222598	2336.98780578293	2289.55291663469	2243.96143001136	2200.16123330672	2158.09243664981	2117.68970282894	2078.88459528081	2041.60733587924	2005.78815160014	1971.35827750285	1938.25068032349
91	1993.98850494171	2117.52795159109	2405.74155219644	2677.35556235753	2918.56739600203	3128.17601844298	3305.9154048312	3452.11921502425	3567.97450285792	3656.12719720393	3720.70426483037	3766.4887762435	3797.95809620928	3818.77242078134	3831.70557279275	3838.78535987561	3841.47645801149	3840.83804575241	3837.64249854797	3832.45946224087	3825.71443745772	3777.56744950246	3717.44608954272	3652.59827119132	3585.75613739644	3518.06340206651	3450.028770266	3381.89178395678	3313.78119042184	3245.79017603834	3178.01321008945	3110.56397025044	3043.58180276079	2977.23119727786	2911.69577277226	2847.1693333449	2783.84467312259	2721.90395370215	2661.509048739	2602.79509518158	2545.86699669152	2490.79832655741	2437.6326605412	2386.3864597303	2337.05287713549	2289.60591967954	2244.00463020301	2200.19647945808	2158.12123162094	2117.7132642599	2078.90390783053	2041.62319502784	2005.80119985868	1971.36903403494	1938.25956499268
92	1994.27473745481	2117.71818469254	2405.78125304837	2677.45900360364	2918.78942715387	3128.56526960199	3306.50827255276	3452.93644183936	3569.01791210654	3657.37828380832	3722.12958247833	3768.04992371412	3799.61971749583	3820.505614761	3833.48808808978	3840.60049590837	3843.31175830778	3842.68418113394	3839.49241874769	3834.30777847803	3827.55698152558	3779.34362589482	3719.12550405573	3654.16908294183	3587.21346626765	3519.40556000365	3451.25586294297	3383.0051730571	3314.78330598298	3246.6844731031	3178.80416384942	3111.25705460116	3044.18341726354	2977.74852753336	2912.13658465776	2847.5417175524	2784.15676931903	2722.16368509302	2661.72390862342	2602.9719306186	2546.01196865682	2490.9168266634	2437.72932741861	2386.46522260122	2337.11702209046	2289.65816693908	2244.04721386833	2200.23122246317	2158.14961561079	2117.73648957617	2078.92294507968	2041.63882830201	2005.81406245295	1971.37963765478	1938.26832347342
93	1994.56017207	2117.90835215569	2405.82044371834	2677.56086175492	2919.00816803121	3128.94900927181	3307.09313453098	3453.74313625695	3570.04846549029	3658.61458169064	3723.53863567115	3769.59374232292	3801.26326715814	3822.2202309047	3835.25169055122	3842.3965085038	3845.12781602277	3844.51102303339	3841.32304622595	3836.13684242498	3829.38034460368	3781.10125936561	3720.7872460156	3655.72319088534	3588.65510463126	3520.73306260233	3452.46935052869	3384.10601083662	3315.7739227732	3247.56831606336	3179.58569245172	3111.94171779808	3044.7775792833	2978.25932770142	2912.5717317191	2847.90923598935	2784.4647255865	2722.41992506916	2661.93583433028	2603.14634764594	2546.15493374805	2491.03367595017	2437.82464108424	2386.54287894961	2337.18026364967	2289.70967720736	2244.08919635291	2200.26547485173	2158.17759885521	2117.7593871476	2078.94171388114	2041.65424132003	2005.82674399708	1971.39009216997	1938.27695891141
94	1994.84478033994	2118.09841636752	2405.85913883778	2677.6611776414	2919.22370083556	3129.32737090017	3307.67017891849	3454.53953917273	3571.0664500504	3659.83641457401	3724.93177516409	3771.12060192708	3802.88912646367	3823.91666112257	3836.99677788804	3844.17379887602	3846.92503433146	3846.31897529535	3843.13478455928	3837.94705666876	3831.18492772741	3782.84073672784	3722.43168902108	3657.26094707441	3590.08138474424	3522.04622623063	3453.66952455002	3385.19456814878	3316.75329088401	3248.44193424979	3180.35800457953	3112.61814813391	3045.36445715446	2978.76374675589	2913.00134458354	2848.2720020136	2784.76863925974	2722.67275637486	2662.14490773267	2603.31838139777	2546.29595068588	2491.14891460987	2437.9186346106	2386.61945589847	2337.24262400508	2289.7604686158	2244.13059246094	2200.29924871106	2158.20519122844	2117.78196504808	2078.9602208452	2041.66943950564	2005.83924894862	1971.40040124057	1938.28547432144
95	1995.12856818556	2118.28837294475	2405.89735251366	2677.75999063048	2919.43610488898	3129.70048336722	3308.23958756216	3455.32588355519	3572.07214352565	3661.04409574942	3726.30934056284	3772.63086070153	3804.49767032359	3825.59528502348	3838.72373534906	3845.9327558574	3848.70380379974	3848.10842914075	3844.92802471278	3839.73881121795	3832.97111940245	3784.56243691584	3724.05919075781	3658.78269256707	3591.49262840626	3523.34534876183	3454.85666729444	3386.27110722685	3317.72165240996	3249.30554962167	3181.12130217097	3113.28652778104	3045.94421371005	2979.26192883479	2913.42554958382	2848.6301251992	2785.06860441077	2722.92225897737	2662.35119783584	2603.48810243022	2546.43504311193	2491.26259067475	2438.01135149374	2386.69497962768	2337.30412457549	2289.81055866318	2244.17141647947	2200.33255570597	2158.23240225956	2117.80423107032	2078.97847235284	2041.68442808903	2005.8515816028	1971.41056840374	1938.29387262043
96	1995.41154143958	2118.47821765797	2405.93509833993	2677.85733869349	2919.64545676347	3130.06847118734	3308.80153627689	3456.10239478545	3573.06581474634	3662.23792865313	3727.67166079874	3774.12486562577	3806.08925587992	3827.2564704255	3840.43293623745	3847.67375604625	3850.46450290644	3849.87976368934	3846.70314556205	3841.51248402298	3834.73929612338	3786.26672256069	3725.67009945692	3660.28875775758	3592.88914739444	3524.63072434744	3456.03105219622	3387.33588204507	3318.67924178474	3250.15937707801	3181.8757807043	3113.94703304397	3046.5170065225	2979.75401339668	2913.84446890311	2848.9837114991	2785.36471198856	2723.16851018333	2662.55476891289	2603.65556510429	2546.57227049896	2491.37472019343	2438.10279566494	2386.76948472435	2337.36479671221	2289.8599642442	2244.21168220197	2200.36540709832	2158.25924114846	2117.8261927365	2078.99647456267	2041.69921212117	2005.86374610891	1971.42059707451	1938.30215662448
97	1995.69370584922	2118.66794642698	2405.9723894233	2677.95325846939	2919.85183040348	3130.43145469941	3309.35619510489	3456.86929097859	3574.04772400903	3663.41820716929	3729.01905457032	3775.60295292829	3807.66423149265	3828.90057384015	3842.12474240079	3849.39716456828	3852.20749853847	3851.63334645533	3848.46051438821	3843.26844147004	3836.48982286554	3787.9539468763	3727.26475266573	3661.77946287633	3594.27124387588	3525.90263666956	3457.19294420238	3388.38913866118	3319.62628610013	3251.00362475214	3182.62162946789	3114.59983462451	3047.08298810976	2980.24013539623	2914.25822075175	2849.33286339967	2785.65704995129	2723.41158475013	2662.75568392315	2603.82082200002	2546.70767642807	2491.48535245725	2438.19301336993	2386.84297382809	2337.42462837711	2289.90870167636	2244.25140295011	2200.39781376426	2158.28571677986	2117.84785731166	2079.01423342315	2041.71379648009	2005.87574647427	1971.43049055102	1938.31032905359
98	1995.97506707864	2118.85755531553	2406.00923841199	2678.04778532408	2920.05529724124	3130.78955024765	3309.90372856128	3457.62678328905	3575.01812343016	3664.58521605635	3730.35183076283	3777.06544858209	3809.22293489408	3830.52793860537	3843.79950469615	3851.103335472	3853.93314646096	3853.36953381786	3850.20048734792	3845.00703884972	3838.2230535519	3789.62445237261	3728.84347768165	3663.25511841151	3595.63921079911	3527.16136072737	3458.34260012018	3389.43111554136	3320.56300540817	3251.83849429139	3183.35903181483	3115.24509783439	3047.64230614715	2980.72042547363	2914.66691953499	2849.67768006715	2785.94570339251	2723.65155499194	2662.95400376739	2603.98392398523	2546.84130307582	2491.59452221172	2438.28203307234	2386.91548002018	2337.48367088325	2289.95678672518	2244.29059159474	2200.42978621183	2158.3118377375	2117.86923181482	2079.03175468131	2041.72818587884	2005.88758657069	1971.44025202005	1938.31839253572
99	1996.25563071128	2119.0470405264	2406.04565750359	2678.14095340734	2920.25592630681	3131.14287035228	3310.44429586664	3458.37507619973	3575.97725728204	3665.73923131887	3731.67028884631	3778.51266865779	3810.76569361107	3832.13890522126	3845.45756343182	3852.79261217366	3855.64179176364	3855.08867146782	3851.92340991965	3846.72862080225	3839.93933149664	3791.27857128518	3730.40659196153	3664.7160255011	3596.99333226574	3528.40716318806	3459.48026894682	3390.46204386883	3321.48961300823	3252.66418112202	3184.08816541722	3115.88298282196	3048.19510366845	2981.19501013436	2915.07067601201	2850.01825748674	2786.2307546606	2723.88849088084	2663.14978737107	2604.14492028168	2546.97319126444	2491.70226310351	2438.36988018341	2386.98703523832	2337.54193221452	2290.00423462867	2244.32926057533	2200.46133459666	2158.3376123174	2117.89032302961	2079.04904389151	2041.74238487237	2005.89927014016	1971.44988456152	1938.32634961093
100	1996.53540225214	2119.23639839697	2406.08165847596	2678.23279570601	2920.45378433111	3131.49152387188	3310.97805116816	3459.11436779637	3576.92536231251	3666.88052056119	3732.9747192535	3779.94491973975	3812.29282533355	3833.73379589279	3847.09924878427	3854.46532787989	3857.33376928508	3856.79109483243	3853.62961732786	3848.43352174043	3841.63898983914	3792.91662598343	3731.95440351387	3666.16247630529	3598.33388410159	3529.64030272009	3460.60619218269	3391.48214783672	3322.40631571955	3253.48087470123	3184.80920248286	3116.51364478492	3048.74151925612	2981.66401191959	2915.46959744696	2850.35468859452	2786.5122834728	2724.12246014305	2663.34309176412	2604.30385852927	2547.10338051131	2491.80861717694	2438.45658659419	2387.05765539066	2337.59943040855	2290.05106011968	2244.36742191892	2200.49246873747	2158.36304854018	2117.91113751451	2079.06610642376	2041.75639786461	2005.91080080067	1971.45939115335	1938.33420273514
